# k (h/Mpc), d_cdm, d_a, T_r
1.086159067873532600e-05 7.536466559533222184e-04 7.535648988434478840e-04 4.158248846350320418e-21
1.367393251796656006e-05 1.194448642638593896e-03 1.194319064031730982e-03 1.655427807014881324e-20
1.721446112602670431e-05 1.893071481994366371e-03 1.892866119324707226e-03 6.590372892873421394e-20
2.167172256189785361e-05 3.000310981896799067e-03 2.999985494449251659e-03 2.623671409067439831e-19
2.728308225052620347e-05 4.755159581456072648e-03 4.754643719456619518e-03 1.044500540679525079e-18
3.434736555725783968e-05 7.536387730311352486e-03 7.535570134740132361e-03 4.158219564911279056e-18
4.324077132821561945e-05 1.194428843747274982e-02 1.194299266959482700e-02 1.655409781657148138e-17
5.443690585067126634e-05 1.893021759769684606e-02 1.892816429578068546e-02 6.590263125800464855e-17
6.853200411485663569e-05 3.000186145177284255e-02 2.999860659980987596e-02 2.623599340484495485e-16
8.627668150137545908e-05 4.754846207732551372e-02 4.754330384559897482e-02 1.044455375440551462e-15
1.086159067873533244e-04 7.535601391967206020e-02 7.534783810690115491e-02 4.157932889640665547e-15
1.367393251796656718e-04 1.194231647203782415e-01 1.194102068847732179e-01 1.655228759206608296e-14
1.721446112602671448e-04 1.892527700291821158e-01 1.892322333422531422e-01 6.589117780732618903e-14
2.167172256189786649e-04 2.998950131092948945e-01 2.998624637479140320e-01 2.622881094215934373e-13
2.728308225052621973e-04 4.751761140676753481e-01 4.751245275663211198e-01 1.044003445252757117e-12
3.434736555725785459e-04 7.527928405792657651e-01 7.527110799318015300e-01 4.155097257337194990e-12
4.324077132821564249e-04 1.192333531670428659e+00 1.192203943279295686e+00 1.653453170437449176e-11
5.443690585067129887e-04 1.887869533803958388e+00 1.887664140330314932e+00 6.578047102945231994e-11
6.853200411485667635e-04 2.987647617496707486e+00 2.987322069750443454e+00 2.616021762120030008e-10
8.627668150137551058e-04 4.724750730137938781e+00 4.724234695586462252e+00 1.039790118912392637e-09
1.086159067873533786e-03 7.464569560849249719e+00 7.463751511535263283e+00 4.129523704132299001e-09
1.367393251796657260e-03 1.177768985135370272e+01 1.177639298634492526e+01 1.638161343989306134e-08
1.721446112602672369e-03 1.855016182478583531e+01 1.854802413263334770e+01 6.487310730553533789e-08
2.167172256189787895e-03 2.914902983143058890e+01 2.914561236022594315e+01 2.563769024498782651e-07
2.728308225052623274e-03 4.566429441708991277e+01 4.565886148147617973e+01 1.010289498856421363e-06
3.434736555725786868e-03 7.125569762827535669e+01 7.124705795442395129e+01 3.966138678288410417e-06
4.324077132821566201e-03 1.106324916783676144e+02 1.106187153924821303e+02 1.549419979012779536e-05
5.443690585067132055e-03 1.706848974953778679e+02 1.706627987824389550e+02 6.015535157306962319e-05
6.853200411485670454e-03 2.612511376807934198e+02 2.612152321500049652e+02 2.317297154040696332e-04
8.627668150137553227e-03 3.959087516771646165e+02 3.958487856781508185e+02 8.839252114882750581e-04
1.086159067873534133e-02 5.924658988945573128e+02 5.923601303002778877e+02 3.329975024130764870e-03
1.367393251796657910e-02 8.724000862374202825e+02 8.721944966185335488e+02 1.234576020846652432e-02
1.721446112596934641e-02 1.257818748056952018e+03 1.257359524174421949e+03 4.482208742878492774e-02
2.167172226641261856e-02 1.764057833144254346e+03 1.762871063342890693e+03 1.582566362479880251e-01
2.728288623229124799e-02 2.388041421712156989e+03 2.384642785502300740e+03 5.385170076671655925e-01
3.432310961449934472e-02 3.100333897177738436e+03 3.090281308637436723e+03 1.743100200890355778e+00
4.251174075505707861e-02 3.824795131445706829e+03 3.797865901667874368e+03 4.973502638945092258e+00
4.922434958291628526e-02 4.373271637745778207e+03 4.322405578539913222e+03 9.967754767833227447e+00
5.413034749292365555e-02 4.769355652883965377e+03 4.694337476695001897e+03 1.552884567249498282e+01
5.820673230367962719e-02 5.099927479259546089e+03 5.000302896369384143e+03 2.173695664353768819e+01
6.186095072546528295e-02 5.395577648301346926e+03 5.270204379922235603e+03 2.878054692402738723e+01
6.527707780283142913e-02 5.667206803288710034e+03 5.514370369578231475e+03 3.682619244911087719e+01
6.855355179268544930e-02 5.918263001804585656e+03 5.735723946877330491e+03 4.602201564641782738e+01
7.174983427043102324e-02 6.148870745345297109e+03 5.933901187672405285e+03 5.649668329288834911e+01
7.490520120906359047e-02 6.357665519570836295e+03 6.107121877808851423e+03 6.835481487768909403e+01
7.804745540188605391e-02 6.542945442436181111e+03 6.253397039497232981e+03 8.167469175159908445e+01
8.119741562450659422e-02 6.703596108297424507e+03 6.371500737199275136e+03 9.651390739237317007e+01
8.437142384429653641e-02 6.839877847946292604e+03 6.461762025448463646e+03 1.129277517278600698e+02
8.758283683447651291e-02 6.954169364818139911e+03 6.526729417919221305e+03 1.310047407433582691e+02
9.084295970796624209e-02 7.051371031952920021e+03 6.571404621934788338e+03 1.509143632094809959e+02
9.416165482939364839e-02 7.138884894472435008e+03 6.602985122785084968e+03 1.729566236746635468e+02
9.754775275088187203e-02 7.226094844182240195e+03 6.630119693215810912e+03 1.975969593584141251e+02
1.010093374614585704e-01 7.323238638796060513e+03 6.661696031787709217e+03 2.254675395068932744e+02
1.045539490290256640e-01 7.439893595924289002e+03 6.705480096091528139e+03 2.573311213669300059e+02
1.081887302757042479e-01 7.583449364361003063e+03 6.766961057726356557e+03 2.940261003348655322e+02
1.119205345069036184e-01 7.757845546721478968e+03 6.848506378216965459e+03 3.364197973059615947e+02
1.157560054924691301e-01 7.962783721679053087e+03 6.948780081250556577e+03 3.853785102955006892e+02
1.197016372736623979e-01 8.193337477873736134e+03 7.062261662468270515e+03 4.417081341878232479e+02
1.237638190593502580e-01 8.439817688483297388e+03 7.179005604640533420e+03 5.059894368439268533e+02
1.279488689741385965e-01 8.688203984106477947e+03 7.285385710295179706e+03 5.783223668700853750e+02
1.322630594328606524e-01 8.921726969143741371e+03 7.366371720794772045e+03 6.581674130777072378e+02
1.367126362592945565e-01 9.124141938182714512e+03 7.408953581802731605e+03 7.445329360792220541e+02
1.413038332295967758e-01 9.283998661570150944e+03 7.405161731747793056e+03 8.364573166550331962e+02
1.460428834304902945e-01 9.398309678098654331e+03 7.353848684547352605e+03 9.334012099708137384e+02
1.509360286311948463e-01 9.474381838272371169e+03 7.261871095815708031e+03 1.035453155154428487e+03
1.559895277443067441e-01 9.529776884237577178e+03 7.144482711261139229e+03 1.143872461154693838e+03
1.612096653721204476e-01 9.590188517752172629e+03 7.022458962898289428e+03 1.261912762294504546e+03
1.666027613856393419e-01 9.683876033455224388e+03 6.915645860443290076e+03 1.394550023043567080e+03
1.721751824528138519e-01 9.832999875337396588e+03 6.837221430570770281e+03 1.546883855925092348e+03
1.779333564129365886e-01 1.004546417817750626e+04 6.789962135217230752e+03 1.722939951885103937e+03
1.838837903810416619e-01 1.031037182351145384e+04 6.762920957513020767e+03 1.924392860079530919e+03
1.900330934575288067e-01 1.059993904628113341e+04 6.734363996855377991e+03 2.148678051030153256e+03
1.963880049143302275e-01 1.087439601797056639e+04 6.678441422897038137e+03 2.388791336321999552e+03
2.029554287322860862e-01 1.109457854723671335e+04 6.572861069567506092e+03 2.635450920789537122e+03
2.097424753797411112e-01 1.124307202187633993e+04 6.411360687146672717e+03 2.881489034500404614e+03
2.167565117566828403e-01 1.133425965928738697e+04 6.207626872004107099e+03 3.126976328755883060e+03
2.240052202912255486e-01 1.140890341586888826e+04 5.987847222841618532e+03 3.380635910121046891e+03
2.314966682774586004e-01 1.151588351650154618e+04 5.778952561673584569e+03 3.656753185204529018e+03
2.392393886997696284e-01 1.169241974992605901e+04 5.597573570005291003e+03 3.969937691842510503e+03
2.472424740159040735e-01 1.194485116283746356e+04 5.442647561626059542e+03 4.326689001541885773e+03
2.555156846902749135e-01 1.223808840527720531e+04 5.294409507474291786e+03 4.718245202054607034e+03
2.640695747065986421e-01 1.251285458459863912e+04 5.126583226444357024e+03 5.122422581360953700e+03
2.729156368782391651e-01 1.272367002479672919e+04 4.923754819764557396e+03 5.517293219923876677e+03
2.820664715594541905e-01 1.286644464392107511e+04 4.690107087957642761e+03 5.895484304825410618e+03
2.915359833997318573e-01 1.298560237768547449e+04 4.446883062434211752e+03 6.272569212745796904e+03
3.013396121569521524e-01 1.314743187982038762e+04 4.218236648642265209e+03 6.679651123442045900e+03
3.114946054052744051e-01 1.338288426910224916e+04 4.011847007713958646e+03 7.135459002175168280e+03
3.220203433990810882e-01 1.366455714724822610e+04 3.816449145515100554e+03 7.628784120780821468e+03
3.329387296126694040e-01 1.393142464836707404e+04 3.614388615348306303e+03 8.125676265621713355e+03
3.442746648976632295e-01 1.413986740120147078e+04 3.397163163736689967e+03 8.596742495263148157e+03
3.560566292739819061e-01 1.431179269342782572e+04 3.174125549444167063e+03 9.050223672660236844e+03
3.683174038244023674e-01 1.450609338341500370e+04 2.960356773784189045e+03 9.521187234419116066e+03
3.810949771032501321e-01 1.475855861226604065e+04 2.762229419758806216e+03 1.003444820956604053e+04
3.944336976036785791e-01 1.503615397349351224e+04 2.571872299172090152e+03 1.056913125543478054e+04
4.083857588399262828e-01 1.528643279810308559e+04 2.380618136239998421e+03 1.108693830237279690e+04
4.230131407999689896e-01 1.550631071199446887e+04 2.190011560980030481e+03 1.158241374163863293e+04
4.383901879843028482e-01 1.574364556170658216e+04 2.008041037733543362e+03 1.208960073172679768e+04
4.546070918733435273e-01 1.601945520903819488e+04 1.836897007370522033e+03 1.262519228880377159e+04
4.717746850496825073e-01 1.630382115729482575e+04 1.672363668743953212e+03 1.316580642717932824e+04
4.900311820484513081e-01 1.656976584659331638e+04 1.512007104063491624e+03 1.368842707105028967e+04
5.095518859892891328e-01 1.684805805739898278e+04 1.359204314160380591e+03 1.421751098544074011e+04
5.305635496662236550e-01 1.716001022870266388e+04 1.215224817493137607e+03 1.477139129312797013e+04
5.533662934827286994e-01 1.747403331601080208e+04 1.077241637242830620e+03 1.532310181798406120e+04
5.783682809009187409e-01 1.780260889329753991e+04 9.458918681065348437e+02 1.588346014372222999e+04
6.061429260780074602e-01 1.816453436368621624e+04 8.216356083958726231e+02 1.646996869324807994e+04
6.375280407661441107e-01 1.854866063157082681e+04 7.031935110525342907e+02 1.707339038817537221e+04
6.738079439026752882e-01 1.897858196612462052e+04 5.907026826156863990e+02 1.771676266835180286e+04
7.170715373213198962e-01 1.946233211992480938e+04 4.833118096388921003e+02 1.840934523533666288e+04
7.709729737873731725e-01 2.003270045498061882e+04 3.806255765064285015e+02 1.918452220615232000e+04
8.424763667315993132e-01 2.073631329256969912e+04 2.822809582666523056e+02 2.008958023726291867e+04
9.459675973063622623e-01 2.166501615496387967e+04 1.893293074841404575e+02 2.121389677903648771e+04
1.110500697040555540e+00 2.296633243906253119e+04 1.075689512498971112e+02 2.269187088762113126e+04
1.370581484967364316e+00 2.469696420521293840e+04 5.046313840673497708e+01 2.454815834551526859e+04
1.723228745282549657e+00 2.660526930905162590e+04 2.188201035065737798e+01 2.651912989940583793e+04
2.169378527121147648e+00 2.854586403943223195e+04 9.369933341600830801e+00 2.848586951714445968e+04
2.731085631512077505e+00 3.050489841213788532e+04 3.990224709461814623e+00 3.045462720373955744e+04
3.438233103240746047e+00 3.247913209195623494e+04 1.692200724930356337e+00 3.243186764809193846e+04
4.328479025341692044e+00 3.446611747679359542e+04 7.142978128529235970e-01 3.441825507670697698e+04
5.449232239420704893e+00 3.646377310144327203e+04 3.015299632982924027e-01 3.641412444888412574e+04
6.860176940974763937e+00 3.847031364473148278e+04 1.267579850431192201e-01 3.841814482347045123e+04
8.636451080397506530e+00 4.048415951788152597e+04 5.307378332273773869e-02 4.042901221305388026e+04
1.087264773282961094e+01 4.250386998427647632e+04 2.219140638972746937e-02 4.244614934339407046e+04
1.368785252434543587e+01 4.452812447369603615e+04 9.236885743256689069e-03 4.446660694705175410e+04
1.723198537578941014e+01 4.655551290236816567e+04 3.762956956394730365e-03 4.649044307137895521e+04
