# k, dcdc13, dcdc13_EdS, dcTc13, dcTc13_EdS, dcdx13, dcdx13_EdS, dcTx13, dcTx13_EdS, PL_cc, TL_x 
0.01 -10.823 -11.495 -21.497 -22.214 -14.276 -11.331 -19.047 -22.172 13361 0.98574
0.0106 -12.495 -13.206 -24.611 -25.388 -15.871 -13 -21.741 -25.334 13656 0.98438
0.011237 -14.404 -15.158 -28.169 -28.971 -17.69 -14.899 -24.834 -28.902 13927 0.98291
0.011911 -16.56 -17.369 -31.911 -32.993 -19.631 -17.045 -28.084 -32.903 14170 0.9813
0.012626 -19.05 -19.829 -36.305 -37.426 -21.876 -19.423 -31.93 -37.312 14383 0.97956
0.013384 -21.775 -22.606 -41.142 -42.354 -24.305 -22.101 -36.119 -42.208 14558 0.97767
0.014187 -24.889 -25.713 -46.603 -47.808 -27.076 -25.086 -40.853 -47.621 14692 0.97562
0.015039 -28.302 -29.139 -52.3 -53.769 -30.117 -28.364 -45.725 -53.532 14783 0.97339
0.015942 -31.907 -32.945 -58.572 -60.265 -33.225 -31.989 -51.13 -59.966 14826 0.97098
0.016898 -36.121 -37.161 -65.481 -67.336 -36.843 -35.986 -57.079 -66.959 14816 0.96837
0.017913 -40.756 -41.724 -72.806 -74.868 -40.768 -40.286 -63.425 -74.396 14750 0.96554
0.018988 -45.582 -46.681 -80.724 -82.943 -44.842 -44.93 -70.167 -82.356 14623 0.96249
0.020128 -50.947 -52.047 -89.149 -91.487 -49.324 -49.923 -77.372 -90.759 14435 0.9592
0.021336 -56.554 -57.789 -98.169 -100.43 -53.972 -55.226 -85.019 -99.531 14184 0.95564
0.022617 -62.546 -63.907 -107.07 -109.74 -58.831 -60.828 -92.564 -108.64 13869 0.95181
0.023974 -69.003 -70.271 -116.2 -119.23 -64.026 -66.595 -100.28 -117.89 13492 0.94769
0.025413 -75.498 -77.005 -125.6 -128.93 -69.188 -72.636 -108.22 -127.31 13053 0.94326
0.026939 -82.496 -83.845 -135.1 -138.54 -74.64 -78.689 -116.16 -136.59 12558 0.93851
0.028556 -89.553 -90.911 -144.91 -148.12 -80.145 -84.856 -124.31 -145.79 12012 0.9334
0.03027 -97.035 -97.954 -154.24 -157.46 -85.773 -90.895 -132.14 -154.69 11426 0.92793
0.032087 -103.94 -105.13 -163.4 -166.51 -90.883 -96.94 -139.53 -163.25 10808 0.92208
0.034013 -110.9 -112.26 -171.74 -175.14 -95.928 -102.81 -146.46 -171.31 10168 0.91583
0.036055 -118.29 -119.24 -179.6 -183.29 -101.17 -108.41 -152.94 -178.84 9520.4 0.90915
0.038219 -124.16 -126.32 -187.2 -191.21 -105.03 -113.94 -158.73 -186.03 8877.8 0.90203
0.040513 -132.18 -133.3 -195.27 -198.74 -110.59 -119.23 -165.29 -192.76 8252.3 0.89446
0.042945 -139.43 -140.53 -202.47 -206.25 -115.29 -124.57 -170.84 -199.37 7654.1 0.8864
0.045523 -146.99 -148.06 -210.4 -213.95 -120.16 -129.97 -176.91 -206.04 7095.5 0.87785
0.048255 -154.82 -156.12 -218.24 -222.04 -124.97 -135.64 -182.98 -212.95 6579.6 0.86879
0.051152 -164.1 -164.8 -227.17 -230.78 -130.76 -141.6 -189.81 -220.33 6108.9 0.8592
0.054222 -173.13 -174.19 -236.61 -240.23 -136.17 -147.9 -196.89 -228.2 5681.8 0.84907
0.057477 -184.05 -184.63 -247.54 -250.7 -142.78 -154.79 -205.07 -236.86 5292.5 0.83838
0.060927 -195.15 -195.71 -258.08 -261.74 -149.25 -161.88 -212.86 -245.81 4933.6 0.82713
0.064584 -205.9 -207.06 -269 -272.75 -155.16 -168.82 -220.52 -254.48 4588.4 0.8153
0.068461 -216.43 -217.74 -278.68 -282.67 -160.49 -174.82 -227.14 -261.86 4242.7 0.80289
0.07257 -225.53 -226.65 -286.02 -290 -164.54 -179.03 -231.63 -266.56 3884.1 0.78989
0.076926 -231.53 -232.68 -289.87 -293.46 -166.02 -180.63 -233.14 -267.47 3505.2 0.7763
0.081544 -233.89 -234.59 -288.75 -291.84 -164.64 -178.79 -230.57 -263.54 3109.1 0.76212
0.086439 -232.04 -232.73 -282.8 -285.57 -160.16 -173.93 -223.89 -255.3 2712.2 0.74736
0.091627 -227.63 -228.32 -273.71 -276.51 -153.94 -167.14 -214.73 -244.53 2340.3 0.73202
0.097127 -223.44 -223.89 -265.18 -267.66 -147.77 -160.33 -206.06 -233.93 2020 0.71611
0.10296 -222.76 -222.8 -261.08 -263.07 -144.06 -155.89 -200.73 -227.01 1768.8 0.69966
0.10914 -226.97 -227.55 -263.06 -265.5 -143.34 -155.34 -199.79 -225.97 1590.6 0.68267
0.11569 -236.96 -237.84 -271.89 -274.3 -145.81 -158.2 -203.86 -230.01 1463.9 0.66518
0.12263 -250.53 -250.67 -283.91 -285.89 -150.09 -162.23 -210.06 -235.92 1359 0.6472
0.12999 -260.85 -260.87 -292.54 -294.32 -151.95 -164.03 -213.26 -238.73 1246.2 0.62878
0.1378 -263.04 -262.93 -291.99 -293.6 -148.72 -160.37 -209.31 -233.78 1107 0.60994
0.14607 -255.16 -255.28 -280.6 -282.26 -139.87 -150.8 -197.7 -220.33 947.85 0.59073
0.15484 -243.48 -243.82 -265.55 -267.03 -129.19 -139.27 -183.45 -204.05 798.51 0.57118
0.16413 -236.74 -236.91 -255.89 -257.1 -121.33 -130.62 -173.18 -192.04 684.35 0.55135
0.17398 -239.72 -239.38 -256.82 -257.57 -118.51 -127.18 -169.99 -187.77 610.79 0.53128
0.18443 -249.15 -249.23 -264.75 -265.91 -118.57 -127.37 -171.18 -188.89 561.11 0.51103
0.1955 -255.89 -255.38 -269.75 -270.36 -117.03 -125.3 -170.07 -186.82 508.05 0.49066
0.20723 -250.19 -249.93 -261.9 -262.6 -109.75 -117.52 -160.71 -176.2 439.36 0.47021
0.21967 -238.98 -239.14 -248.72 -249.46 -100.39 -107.55 -148.15 -162.25 371.6 0.44975
0.23286 -234.75 -234.55 -242.47 -243 -94.227 -100.7 -140.14 -152.9 322.02 0.42934
0.24683 -239.22 -238.82 -245.68 -245.84 -91.578 -97.688 -137.32 -149.36 290.1 0.40905
0.26165 -241.58 -241.73 -246.79 -247.29 -88.013 -94.013 -133.18 -144.78 259.7 0.38892
0.27736 -235.23 -235.34 -238.88 -239.36 -81.368 -86.847 -124.26 -134.76 223.79 0.36903
0.294 -229.37 -229.35 -231.6 -231.98 -75.19 -80.139 -115.87 -125.34 193.06 0.34942
0.31165 -230.43 -230.14 -231.45 -231.57 -71.439 -75.985 -111.1 -119.8 171.53 0.33016
0.33036 -230.2 -229.92 -230.04 -230.22 -67.315 -71.575 -105.72 -113.79 151.82 0.3113
0.35019 -224.45 -224.66 -223.46 -223.89 -61.819 -65.803 -98.043 -105.5 131.39 0.2929
0.37121 -223.37 -222.82 -221.28 -221.09 -57.821 -61.273 -92.535 -99.085 115.49 0.27498
0.39349 -222.07 -221.98 -219.37 -219.35 -53.901 -57.184 -87.142 -93.281 102.01 0.25761
0.41711 -218.48 -218.61 -214.94 -215.18 -49.595 -52.646 -81.003 -86.628 89.06 0.24082
0.44215 -216.88 -216.5 -212.5 -212.32 -45.951 -48.633 -75.763 -80.726 78.204 0.22464
0.46869 -214.55 -214.51 -209.58 -209.64 -42.342 -44.852 -70.512 -75.1 68.712 0.20909
0.49682 -211.96 -211.83 -206.45 -206.36 -38.887 -41.139 -65.365 -69.485 60.214 0.19421
0.52665 -210.28 -209.81 -204 -203.78 -35.755 -37.769 -60.723 -64.342 52.915 0.18001
0.55826 -207.6 -207.3 -200.89 -200.78 -32.674 -34.517 -56.009 -59.303 46.384 0.1665
0.59177 -205.07 -204.79 -197.92 -197.82 -29.807 -31.475 -51.575 -54.528 40.684 0.1537
0.62729 -202.29 -202.06 -194.85 -194.71 -27.103 -28.609 -47.33 -49.971 35.636 0.14159
0.66494 -199.9 -199.61 -192.12 -191.91 -24.633 -25.984 -43.408 -45.749 31.254 0.13018
0.70486 -196.91 -196.92 -188.78 -188.92 -22.273 -23.523 -39.6 -41.74 27.381 0.11946
0.74717 -194.07 -194.12 -185.8 -185.87 -20.117 -21.239 -36.071 -37.972 23.975 0.10941
0.79202 -191.41 -191.2 -182.73 -182.74 -18.142 -19.127 -32.804 -34.445 20.974 0.10003
0.83956 -188.08 -188.15 -179.39 -179.52 -16.278 -17.177 -29.666 -31.152 18.332 0.091296
0.88995 -185.6 -185.13 -176.63 -176.37 -14.64 -15.399 -26.885 -28.117 16.033 0.083182
0.94337 -182.65 -182.12 -173.63 -173.26 -13.111 -13.78 -24.255 -25.325 14.011 0.075665
1 -178.84 -178.9 -169.83 -169.97 -11.664 -12.294 -21.728 -22.734 12.233 0.068721
