# k, dcdc22, dcdc22_EdS, dcTc22, dcTc22_EdS, dcdx22, dcdx22_EdS, dcTx22, dcTx22_EdS, dxdx22, dxdx22_EdS, PL_cc, TL_x 
0.05 194.05 195.05 160.93 161.46 194.14 195.05 160.96 161.46 193.97 195.05 7489.4 1
0.052151 210.88 210.79 175.19 175.02 210.78 210.79 175.25 175.02 210.78 210.79 7242.2 1
0.054394 226.43 227.49 189.08 189.5 226.44 227.49 189.12 189.5 226.29 227.49 7019.5 1
0.056734 244.09 245.08 204.35 204.72 244.5 245.08 204.34 204.72 243.91 245.08 6811.3 1
0.059175 262.24 263.9 220.06 221.06 262.18 263.9 220.11 221.06 262.05 263.9 6612.1 1
0.06172 283.68 283.23 238.3 237.81 283.43 283.23 238.37 237.81 283.45 283.23 6415.5 1
0.064375 303.74 304.46 255.96 256.25 303.68 304.46 256.01 256.25 303.46 304.46 6212.3 1
0.067144 325.76 326.17 274.84 275.31 324.62 326.17 274.95 275.31 325.47 326.17 5994.7 1
0.070033 349.05 349.18 295.11 295.41 347.6 349.18 295.3 295.41 348.7 349.18 5754.9 1
0.073045 371.31 373.46 314.75 316.45 371.22 373.46 314.79 316.45 370.79 373.46 5487 1
0.076187 398.14 398.51 338.52 338.65 397.92 398.1 338.57 338.6 397.5 397.7 5191.1 0.99898
0.079465 424.06 423.47 360.96 360.63 423.71 422.97 361.01 360.57 423.28 422.48 4869.2 0.99883
0.082883 446.5 449.49 382.34 383.69 446.15 448.88 382.37 383.62 445.58 448.28 4527.5 0.99864
0.086448 474.39 474.64 405.67 406.46 473.89 473.89 405.7 406.37 473.25 473.15 4178 0.99843
0.090167 498.02 500.18 428.33 429.46 497.48 499.27 428.34 429.34 496.67 498.37 3832.6 0.99819
0.094046 523.12 523.86 450.84 450.99 522.38 522.77 450.83 450.85 521.47 521.68 3510 0.99791
0.098091 547.39 546.67 473.2 472.16 546.5 545.36 473.16 471.98 545.41 544.04 3219.2 0.99759
0.10231 567.94 568.22 492.39 492.48 566.87 566.64 492.32 492.26 565.58 565.06 2966 0.99722
0.10671 589.28 588.74 512.78 511.57 587.99 586.86 512.69 511.3 586.53 584.98 2757.4 0.9968
0.1113 606.21 608.21 528.22 529.83 604.64 605.97 528.09 529.5 602.93 603.74 2589 0.99632
0.11609 622.72 626.14 544.58 547 620.91 623.48 544.39 546.61 618.93 620.84 2446.7 0.99576
0.12108 641.92 644.17 563.29 564 639.8 641.03 563.03 563.52 637.49 637.91 2317.6 0.99513
0.12629 658.84 661.37 579.69 580.5 656.35 657.67 579.35 579.92 653.64 653.98 2185 0.9944
0.13172 676.43 677.86 596.02 596.18 673.48 673.5 595.6 595.48 670.38 669.17 2035.1 0.99357
0.13739 692.35 692.52 610.37 610.8 688.79 687.41 609.84 609.95 685.2 682.35 1863.1 0.99263
0.1433 702.72 704.84 621.85 622.86 698.62 698.88 621.2 621.84 694.49 692.98 1673 0.99155
0.14947 712.56 715.3 632.13 633.57 707.95 708.38 631.31 632.35 703.13 701.53 1481.4 0.99032
0.1559 720.08 723.18 640.57 642.07 714.65 715.18 639.58 640.62 709.16 707.26 1304.6 0.98893
0.1626 727.51 726.51 647.25 646.81 721.23 717.33 646.07 645.1 714.89 708.26 1161.2 0.98735
0.1696 721.75 726.31 646.31 648.75 714.77 715.82 644.86 646.74 707.53 705.48 1054.7 0.98555
0.17689 724.63 725.48 649.98 649.51 716.57 713.53 648.25 647.15 708.28 701.76 976.99 0.98352
0.1845 724.85 723.38 652.36 649.46 715.58 709.79 650.32 646.7 706.29 696.46 916.25 0.98122
0.19244 720.46 721.61 648.91 649.16 709.88 706.19 646.52 645.92 699.31 691.1 855.06 0.97863
0.20072 714.68 717.65 646.11 647.25 702.79 700.21 643.25 643.47 690.74 683.19 782.42 0.9757
0.20935 711.47 714.09 644.95 645.2 697.93 694.38 641.58 640.79 684.28 675.21 699.85 0.9724
0.21835 706.8 708.43 639.95 641.48 691.4 686.26 636.05 636.37 675.96 664.78 620.09 0.9687
0.22775 696.75 699.81 634.23 635.3 679.46 675 629.64 629.39 662.22 651.08 553.55 0.96456
0.23754 690 690.42 630.02 628.25 670.48 662.73 624.65 621.43 651.12 636.16 503.37 0.9599
0.24776 677.23 679.4 619.1 619.48 655.4 648.63 612.91 611.66 633.88 619.25 465.53 0.9547
0.25842 668.76 669.85 612.97 611.92 644.21 635.63 605.79 602.93 620.15 603.16 428.08 0.94891
0.26954 657.14 658.56 602.74 602.97 629.69 620.69 594.5 592.68 602.97 584.99 385.96 0.94249
0.28113 647.71 647.67 594.89 593.66 616.96 605.79 585.37 581.91 587.25 566.62 342.6 0.93534
0.29322 631.11 634.53 581.64 582.86 597.18 588.47 570.74 569.49 564.67 545.75 305.98 0.92741
0.30584 619.44 620.28 571.54 570.72 581.71 569.83 559.08 555.57 545.89 523.49 277.51 0.91868
0.31899 605.55 606.59 559.81 558.98 563.84 551.43 545.55 541.85 524.63 501.29 253.36 0.90907
0.33272 592.15 592.76 547.94 546.97 546.06 532.6 531.75 527.65 503.22 478.55 228.67 0.89852
0.34703 578.51 578.16 535.98 534.3 527.86 512.78 517.58 512.56 481.33 454.8 203.9 0.88693
0.36196 561.25 563.5 521.44 521.45 505.97 492.67 500.66 497.09 455.87 430.74 182.26 0.8743
0.37753 546.41 549.16 508.47 508.79 485.96 472.59 485.02 481.53 431.99 406.71 164.98 0.86058
0.39377 532.31 534.1 495.71 495.56 466.57 451.7 469.35 465.2 408.78 382.01 148.87 0.84571
0.41071 517.89 519.17 482.68 482 446.53 430.7 453.16 448.28 384.89 357.3 133.14 0.82959
0.42837 503.25 504.3 469.42 468.55 425.84 409.63 436.41 431.21 360.31 332.73 119.24 0.81227
0.4468 486.3 489.99 454.19 455.61 402.95 388.91 417.54 414.37 333.94 308.69 107.34 0.79371
0.46602 471.63 475.11 440.9 442.06 382.12 367.69 400.25 396.73 309.73 284.57 96.357 0.77392
0.48607 459.53 460.53 429.5 428.78 363.12 346.69 384.39 379.08 287.16 260.99 86.201 0.7528
0.50697 443.18 446.63 414.65 415.9 340.65 326.24 365.11 361.56 262.12 238.31 77.366 0.73047
0.52878 429.9 432.62 402.51 403.03 320.57 305.84 348.08 343.87 239.41 216.21 69.397 0.70695
0.55153 416.48 419.49 389.62 390.9 300.4 286.23 330.15 326.63 217.11 195.29 62.083 0.68231
0.57525 404.26 406.04 378.16 378.39 281.22 266.58 313.22 308.91 196.12 175.02 55.686 0.65654
0.6 390.36 393.02 365.58 366.32 261.11 247.52 295.16 291.46 175.18 155.89 49.907 0.62979
