# k, dcdc13, dcdc13_EdS, dcTc13, dcTc13_EdS, dcdx13, dcdx13_EdS, dcTx13, dcTx13_EdS, dxdx13, dxdx13_EdS, PL_cc, TL_x, dcdx13_IR 
0.05 -139.85 -141.54 -202.45 -205.33 -125.62 -127.66 -169.96 -202.64 -111.48 -115.13 5505.6 0.90189 -186.35
0.052151 -147.24 -148.88 -210.94 -213.81 -130.64 -133.48 -176.71 -210.69 -114.6 -119.68 5282.6 0.89659 -193.41
0.054394 -155.42 -157 -220.36 -223.22 -136.22 -139.89 -184.21 -219.58 -118.13 -124.65 5084.8 0.89104 -201.16
0.056734 -164.36 -165.99 -230.71 -233.65 -142.35 -146.94 -192.38 -229.4 -122.03 -130.07 4902.1 0.88523 -209.68
0.059175 -174.05 -175.49 -241.74 -244.63 -148.92 -154.29 -201.11 -239.69 -126.18 -135.64 4729.3 0.87915 -218.54
0.06172 -184.08 -185.54 -253.16 -256.05 -155.63 -161.93 -210.06 -250.29 -130.35 -141.33 4561 0.87277 -227.6
0.064375 -194.33 -195.66 -264.6 -267.44 -162.33 -169.46 -218.93 -260.78 -134.38 -146.78 4389.4 0.86612 -236.44
0.067144 -204.38 -205.6 -275.48 -278.32 -168.67 -176.65 -227.27 -270.64 -137.98 -151.78 4208.1 0.85919 -244.61
0.070033 -213.72 -214.97 -285.26 -288.12 -174.23 -183.15 -234.58 -279.34 -140.84 -156.03 4011.5 0.85195 -251.57
0.073045 -221.81 -223.03 -293.21 -296.1 -178.59 -188.32 -240.29 -286.14 -142.6 -159.01 3795.9 0.84438 -256.74
0.076187 -228.27 -229.43 -298.87 -301.73 -181.47 -191.91 -244.01 -290.52 -143.11 -160.53 3561.9 0.83647 -259.66
0.079465 -232.79 -233.82 -301.93 -304.56 -182.69 -193.65 -245.53 -292.1 -142.23 -160.38 3311.9 0.82821 -259.97
0.082883 -235.31 -236.32 -302.37 -304.99 -182.24 -193.7 -244.85 -291.25 -140.05 -158.76 3052.8 0.81963 -258.06
0.086448 -236.1 -237.16 -300.69 -303.2 -180.41 -192.26 -242.35 -288.21 -136.8 -155.87 2793.6 0.8107 -254.16
0.090167 -235.81 -236.44 -297.52 -299.64 -177.68 -189.51 -238.67 -283.42 -132.87 -151.89 2543.7 0.8015 -248.7
0.094046 -235.62 -236.27 -294.66 -296.74 -175.04 -187.13 -235.16 -279.21 -129.05 -148.22 2318.1 0.79204 -243.72
0.098091 -236.49 -236.93 -293.16 -294.99 -173.13 -185.35 -232.66 -276.03 -125.8 -145 2121.9 0.7823 -239.63
0.10231 -239.23 -239.66 -294.06 -295.85 -172.53 -185.09 -231.99 -275.19 -123.5 -142.94 1958.3 0.77229 -237.56
0.10671 -245.19 -245.76 -298.86 -300.76 -174.11 -187.27 -234.33 -277.99 -122.72 -142.69 1831.1 0.76198 -238.58
0.1113 -254.7 -255.08 -307.88 -309.61 -178 -191.66 -239.76 -284.24 -123.47 -144 1735.2 0.75136 -242.43
0.11609 -266.76 -267.15 -319.92 -321.61 -183.36 -197.79 -247.35 -293.12 -125.1 -146.45 1658.6 0.7404 -248.43
0.12108 -280.35 -280.75 -333.54 -335.26 -189.41 -204.69 -255.94 -303.19 -127.02 -149.24 1590.6 0.72911 -255.27
0.12629 -293.01 -293.27 -345.95 -347.51 -194.49 -210.42 -263.29 -311.66 -128.13 -150.97 1517.2 0.71749 -260.64
0.13172 -302.28 -302.45 -354.19 -355.69 -196.98 -213.42 -267.21 -316.2 -127.39 -150.6 1428.8 0.70564 -262.58
0.13739 -306.39 -306.52 -356.34 -357.76 -195.9 -212.57 -266.33 -315.08 -124.29 -147.42 1322.1 0.69351 -259.79
0.1433 -304.79 -304.87 -351.94 -353.22 -191.06 -207.65 -260.45 -308.01 -118.83 -141.43 1200.7 0.68109 -252.11
0.14947 -299.53 -299.48 -343.48 -344.55 -183.94 -200.17 -251.46 -297.29 -112.05 -133.8 1077.7 0.6684 -241.52
0.1559 -293.8 -293.88 -334.61 -335.71 -176.62 -192.62 -242.19 -286.44 -105.32 -126.26 965.59 0.65545 -230.9
0.1626 -292.19 -292.11 -330.56 -331.46 -171.83 -187.62 -236.39 -279.49 -100.2 -120.51 877.18 0.6423 -223.54
0.1696 -296.84 -296.78 -333.63 -334.49 -170.62 -186.65 -235.59 -278.56 -97.235 -117.39 813.92 0.62892 -221.03
0.17689 -306.77 -306.62 -342.61 -343.37 -172.22 -188.66 -238.7 -282.19 -95.834 -116.08 768.58 0.61528 -222.09
0.1845 -319.16 -319.08 -354.3 -355.12 -174.84 -191.92 -243.39 -287.81 -94.903 -115.43 730.89 0.60147 -224.64
0.19244 -328.45 -328.32 -362.43 -363.14 -175.4 -192.88 -245.27 -290.02 -92.781 -113.31 687.37 0.58747 -224.46
0.20072 -330.48 -330.38 -362.56 -363.27 -171.93 -189.41 -241.47 -285.67 -88.573 -108.59 632.25 0.57331 -219.24
0.20935 -325.52 -325.25 -355.12 -355.61 -164.84 -181.81 -232.58 -275.13 -82.628 -101.63 569.32 0.55899 -209.33
0.21835 -319.14 -318.93 -346.27 -346.76 -157.13 -173.67 -222.82 -263.73 -76.561 -94.57 510.41 0.54454 -198.91
0.22775 -316.82 -316.59 -341.92 -342.34 -151.54 -167.79 -215.97 -255.75 -71.695 -88.932 463.32 0.53001 -191.2
0.23754 -320.81 -320.68 -344.47 -344.93 -148.91 -165.27 -213.35 -252.87 -68.341 -85.172 429.24 0.51536 -187.37
0.24776 -329.27 -328.86 -351.8 -351.99 -148.18 -164.65 -213.47 -253.01 -65.904 -82.438 402.9 0.50067 -185.81
0.25842 -334.54 -334.3 -355.7 -355.99 -145.82 -162.44 -211.24 -250.64 -62.782 -78.934 374.45 0.48592 -182.43
0.26954 -332.78 -332.53 -352.23 -352.47 -140.35 -156.67 -204.51 -242.84 -58.437 -73.813 340.96 0.47114 -175.17
0.28113 -327.29 -327.13 -344.82 -345.09 -133.42 -149.29 -195.57 -232.44 -53.666 -68.134 306.83 0.45637 -166.15
0.29322 -325.11 -324.84 -341.05 -341.2 -127.99 -143.45 -188.74 -224.46 -49.687 -63.352 278.98 0.44162 -158.99
0.30584 -327.76 -327.6 -342.41 -342.62 -124.47 -139.86 -184.68 -219.9 -46.583 -59.706 257.49 0.42691 -154.35
0.31899 -331.31 -331.04 -344.71 -344.8 -121.23 -136.48 -181.01 -215.7 -43.689 -56.269 238.28 0.41228 -150.04
0.33272 -330.37 -330.18 -342.39 -342.52 -116.34 -131.31 -174.82 -208.61 -40.324 -52.222 217.57 0.3977 -143.78
0.34703 -326.51 -326.32 -337.12 -337.23 -110.55 -125.08 -167.2 -199.77 -36.814 -47.944 196.93 0.3833 -136.45
0.36196 -324.48 -324.16 -333.8 -333.78 -105.51 -119.62 -160.61 -192.07 -33.715 -44.138 179.23 0.369 -130.03
0.37753 -325.64 -325.31 -333.82 -333.76 -101.58 -115.44 -155.65 -186.37 -31.111 -40.968 164.76 0.35487 -125.04
0.39377 -325.1 -324.77 -332.14 -332.07 -97.174 -110.72 -149.87 -179.74 -28.495 -37.749 150.69 0.34093 -119.52
0.41071 -322.1 -321.9 -328.02 -328.04 -92.153 -105.31 -143.07 -171.9 -25.843 -34.454 136.8 0.32716 -113.31
0.42837 -320.09 -319.83 -324.95 -324.9 -87.55 -100.3 -136.85 -164.64 -23.451 -31.454 124.55 0.3136 -107.58
0.4468 -319.17 -319.04 -323.08 -323.12 -83.375 -95.813 -131.2 -158.17 -21.307 -28.774 113.85 0.30032 -102.45
0.46602 -317.17 -317.03 -320.14 -320.14 -79.038 -91.073 -125.2 -151.19 -19.25 -26.163 103.69 0.28727 -97.094
0.48607 -314.36 -314.2 -316.41 -316.39 -74.632 -86.232 -119.03 -143.97 -17.299 -23.667 94.201 0.27445 -91.672
0.50697 -312.58 -312.43 -313.78 -313.76 -70.621 -81.836 -113.39 -137.39 -15.56 -21.436 85.857 0.26194 -86.762
0.52878 -310.29 -310.27 -310.71 -310.79 -66.654 -77.494 -107.72 -130.82 -13.948 -19.355 78.141 0.24976 -81.94
0.55153 -307.24 -307.11 -306.91 -306.89 -62.679 -73.065 -101.97 -124.04 -12.441 -17.383 70.958 0.23791 -77.07
0.57525 -304.99 -304.93 -303.94 -303.96 -59.024 -69.027 -96.649 -117.82 -11.1 -15.626 64.579 0.22637 -72.622
0.6 -302.28 -302.17 -300.59 -300.55 -55.436 -65.009 -91.368 -111.58 -9.8666 -13.986 58.702 0.21514 -68.242
