# k, dcdc13, dcdc13_EdS, dcTc13, dcTc13_EdS, dcdx13, dcdx13_EdS, dcTx13, dcTx13_EdS, dxdx13, dxdx13_EdS, PL_cc, TL_x, dcdx13_IR 
0.05 -138.38 -140 -199.36 -202.17 -124.29 -126.26 -168.75 -199.52 -110.37 -113.87 5505.6 0.90189 -183.95
0.052151 -145.8 -147.25 -207.75 -210.54 -129.34 -132.02 -175.55 -207.47 -113.54 -118.37 5282.6 0.89659 -190.93
0.054394 -154.06 -155.4 -217.31 -219.88 -135.05 -138.46 -183.23 -216.29 -117.21 -123.38 5084.8 0.89104 -198.65
0.056734 -162.97 -164.21 -227.56 -230.1 -141.24 -145.36 -191.36 -225.92 -121.25 -128.68 4902.1 0.88523 -207.03
0.059175 -172.6 -173.61 -238.39 -240.83 -147.8 -152.63 -200.11 -235.96 -125.42 -134.18 4729.3 0.87915 -215.7
0.06172 -181.74 -183.55 -248.96 -252.1 -153.87 -160.2 -208.35 -246.44 -129.15 -139.82 4561 0.87277 -224.67
0.064375 -192.61 -193.72 -260.86 -263.42 -161.09 -167.78 -217.75 -256.86 -133.61 -145.32 4389.4 0.86612 -233.49
0.067144 -202.24 -203.58 -271.57 -274.14 -167.17 -174.92 -225.81 -266.59 -137.07 -150.29 4208.1 0.85919 -241.57
0.070033 -211.4 -212.66 -281.06 -283.62 -172.64 -181.18 -233.02 -274.98 -139.9 -154.35 4011.5 0.85195 -248.32
0.073045 -219.55 -220.69 -288.67 -291.47 -177.05 -186.35 -238.6 -281.67 -141.69 -157.35 3795.9 0.84438 -253.42
0.076187 -226.21 -227.16 -294.65 -297.05 -180.17 -190.01 -242.58 -286.02 -142.44 -158.94 3561.9 0.83647 -256.32
0.079465 -230.36 -231.45 -297.22 -299.85 -181.12 -191.69 -243.81 -287.58 -141.37 -158.76 3311.9 0.82821 -256.65
0.082883 -232.95 -233.99 -297.96 -300.3 -180.81 -191.78 -243.18 -286.77 -139.35 -157.19 3052.8 0.81963 -254.8
0.086448 -233.47 -234.68 -295.96 -298.4 -178.77 -190.26 -240.54 -283.64 -135.93 -154.24 2793.6 0.8107 -250.83
0.090167 -233.83 -234.26 -293.44 -295.15 -176.6 -187.76 -237.44 -279.18 -132.48 -150.49 2543.7 0.8015 -245.67
0.094046 -233.39 -233.85 -290.29 -292.04 -173.78 -185.22 -233.64 -274.79 -128.52 -146.7 2318.1 0.79204 -240.56
0.098091 -234.26 -234.78 -288.72 -290.57 -171.94 -183.67 -231.13 -271.89 -125.36 -143.69 2121.9 0.7823 -236.71
0.10231 -237.13 -237.52 -289.74 -291.37 -171.44 -183.44 -230.62 -271.03 -123.12 -141.66 1958.3 0.77229 -234.62
0.10671 -243.19 -243.36 -294.61 -296.01 -173.13 -185.44 -233.01 -273.6 -122.44 -141.3 1831.1 0.76198 -235.46
0.1113 -252.52 -252.59 -303.34 -304.73 -176.87 -189.79 -238.29 -279.76 -123.05 -142.6 1735.2 0.75136 -239.29
0.11609 -264.02 -264.76 -314.7 -316.7 -181.93 -196.03 -245.47 -288.65 -124.53 -145.14 1658.6 0.7404 -245.32
0.12108 -277.82 -277.99 -328.61 -329.92 -188.14 -202.69 -254.31 -298.37 -126.56 -147.78 1590.6 0.72911 -251.92
0.12629 -290.69 -290.69 -341.02 -342.21 -193.48 -208.57 -261.8 -306.9 -127.91 -149.65 1517.2 0.71749 -257.38
0.13172 -299.17 -299.82 -348.49 -350.22 -195.46 -211.56 -265.17 -311.34 -126.83 -149.29 1428.8 0.70564 -259.28
0.13739 -303.74 -303.71 -351.04 -352.19 -194.73 -210.63 -264.65 -310.17 -123.98 -146.07 1322.1 0.69351 -256.48
0.1433 -302.15 -302.04 -346.54 -347.64 -189.86 -205.72 -258.68 -303.14 -118.46 -140.11 1200.7 0.68109 -248.82
0.14947 -297.18 -296.85 -338.38 -339.18 -182.93 -198.41 -249.99 -292.66 -111.79 -132.62 1077.7 0.6684 -238.41
0.1559 -291.39 -291.22 -329.74 -330.46 -175.61 -190.88 -240.74 -281.96 -105.05 -125.11 965.59 0.65545 -227.95
0.1626 -289.75 -289.57 -325.67 -326.34 -170.81 -185.99 -234.89 -275.18 -99.933 -119.46 877.18 0.6423 -220.71
0.1696 -294.11 -294.16 -328.45 -329.3 -169.5 -185 -233.92 -274.24 -96.924 -116.35 813.92 0.62892 -218.2
0.17689 -304.19 -304.01 -337.54 -338.09 -171.21 -187.05 -237.19 -277.86 -95.584 -115.09 768.58 0.61528 -219.27
0.1845 -316.6 -316.36 -348.95 -349.64 -173.87 -190.28 -241.8 -283.37 -94.69 -114.45 730.89 0.60147 -221.79
0.19244 -325.8 -325.48 -357.12 -357.5 -174.41 -191.21 -243.75 -285.52 -92.556 -112.33 687.37 0.58747 -221.6
0.20072 -327.82 -327.52 -357.23 -357.6 -170.95 -187.77 -239.98 -281.21 -88.349 -107.65 632.25 0.57331 -216.4
0.20935 -322.84 -322.45 -349.84 -350.07 -163.88 -180.24 -231.05 -270.84 -82.415 -100.75 569.32 0.55899 -206.64
0.21835 -316.46 -316.25 -340.96 -341.4 -156.2 -172.21 -221.3 -259.65 -76.356 -93.774 510.41 0.54454 -196.37
0.22775 -314.32 -313.92 -336.77 -337.04 -150.7 -166.38 -214.53 -251.79 -71.524 -88.183 463.32 0.53001 -188.75
0.23754 -318.47 -318.01 -339.43 -339.63 -148.15 -163.89 -212.05 -248.99 -68.196 -84.461 429.24 0.51536 -185
0.24776 -326.75 -326.26 -346.61 -346.68 -147.39 -163.35 -212.13 -249.19 -65.757 -81.786 402.9 0.50067 -183.5
0.25842 -331.76 -331.48 -350.27 -350.48 -144.95 -161.07 -209.75 -246.76 -62.61 -78.269 374.45 0.48592 -180.07
0.26954 -330.32 -329.79 -347.05 -347.03 -139.61 -155.38 -203.26 -239.09 -58.3 -73.206 340.96 0.47114 -172.92
0.28113 -324.41 -324.33 -339.46 -339.72 -132.57 -148.02 -194.1 -228.82 -53.495 -67.552 306.83 0.45637 -163.99
0.29322 -322.43 -322.21 -335.9 -335.99 -127.21 -142.29 -187.39 -221.03 -49.533 -62.839 278.98 0.44162 -156.97
0.30584 -325.33 -324.78 -337.44 -337.23 -123.82 -138.65 -183.49 -216.44 -46.477 -59.192 257.49 0.42691 -152.32
0.31899 -329.15 -328.38 -339.91 -339.55 -120.7 -135.39 -179.96 -212.41 -43.625 -55.818 238.28 0.41228 -148.13
0.33272 -327.58 -327.48 -337.07 -337.26 -115.6 -130.24 -173.51 -205.4 -40.181 -51.795 217.57 0.3977 -141.93
0.34703 -324.14 -323.67 -332.11 -332.06 -109.96 -124.06 -166.06 -196.7 -36.716 -47.554 196.93 0.3833 -134.69
0.36196 -321.95 -321.69 -328.88 -328.81 -104.93 -118.7 -159.48 -189.21 -33.634 -43.802 179.23 0.369 -128.4
0.37753 -323.1 -322.84 -328.86 -328.79 -100.99 -114.56 -154.52 -183.59 -31.018 -40.656 164.76 0.35487 -123.48
0.39377 -322.62 -322.35 -327.3 -327.18 -96.625 -109.9 -148.8 -177.09 -28.414 -37.468 150.69 0.34093 -118.05
0.41071 -319.71 -319.47 -323.28 -323.19 -91.647 -104.52 -142.08 -169.36 -25.772 -34.194 136.8 0.32716 -111.9
0.42837 -317.65 -317.3 -320.13 -319.98 -87.05 -99.507 -135.84 -162.15 -23.381 -31.206 124.55 0.3136 -106.2
0.4468 -316.79 -316.53 -318.33 -318.26 -82.91 -95.061 -130.25 -155.79 -21.246 -28.549 113.85 0.30032 -101.14
0.46602 -315.02 -314.58 -315.57 -315.36 -78.642 -90.37 -124.37 -148.93 -19.202 -25.96 103.69 0.28727 -95.857
0.48607 -312.23 -311.86 -311.96 -311.77 -74.26 -85.592 -118.24 -141.87 -17.257 -23.491 94.201 0.27445 -90.531
0.50697 -310.35 -310.01 -309.36 -309.1 -70.238 -81.203 -112.59 -135.35 -15.514 -21.27 85.857 0.26194 -85.652
0.52878 -307.79 -307.63 -306.02 -305.94 -66.223 -76.835 -106.84 -128.78 -13.89 -19.19 78.141 0.24976 -80.83
0.55153 -304.86 -304.78 -302.42 -302.37 -62.294 -72.511 -101.16 -122.21 -12.394 -17.251 70.958 0.23791 -76.086
0.57525 -302.67 -302.54 -299.47 -299.44 -58.662 -68.487 -95.888 -116.07 -11.057 -15.503 64.579 0.22637 -71.682
0.6 -299.86 -299.94 -296.06 -296.21 -55.074 -64.53 -90.602 -109.96 -9.8245 -13.883 58.702 0.21514 -67.382
