# k, dcdc22, dcdc22_EdS, dcTc22, dcTc22_EdS, dcdx22, dcdx22_EdS, dcTx22, dcTx22_EdS, dxdx22, dxdx22_EdS, PL_cc, TL_x 
0.05 136.67 136.6 114.4 114 124.45 123.2 110.75 112.51 113.62 111.11 5505.6 0.90189
0.052151 145.55 145.34 122.19 121.68 131.78 130.31 117.96 119.9 119.63 116.83 5282.6 0.89659
0.054394 154.79 154.57 130.35 129.72 139.34 137.73 125.49 127.6 125.78 122.72 5084.8 0.89104
0.056734 164.42 164.3 138.79 138.23 147.05 145.44 133.17 135.72 131.88 128.75 4902.1 0.88523
0.059175 174.53 174.28 147.65 146.97 155.06 153.22 141.19 144 138.15 134.7 4729.3 0.87915
0.06172 185.1 184.88 156.93 156.33 163.28 161.36 149.49 152.81 144.44 140.83 4561 0.87277
0.064375 196.08 196.01 166.56 165.98 171.73 169.77 158.08 161.85 150.81 147.04 4389.4 0.86612
0.067144 207.54 207.56 176.63 176.03 180.36 178.33 166.92 171.18 157.16 153.22 4208.1 0.85919
0.070033 219.46 219.1 187.11 186.18 189.22 186.66 176.06 180.51 163.58 159.03 4011.5 0.85195
0.073045 231.62 231.52 197.82 197.1 198.12 195.49 185.08 190.46 169.91 165.07 3795.9 0.84438
0.076187 244.09 243.97 208.86 207.98 206.87 204.07 194.57 200.26 175.79 170.7 3561.9 0.83647
0.079465 256.38 256.31 219.82 218.97 215.27 212.27 203.6 210 181.21 175.81 3311.9 0.82821
0.082883 268.62 268.43 230.75 229.73 223.22 220.01 212.49 219.39 185.97 180.33 3052.8 0.81963
0.086448 280.4 280.22 241.42 240.35 230.54 227.17 220.86 228.47 190.02 184.17 2793.6 0.8107
0.090167 291.51 291.62 251.59 250.72 236.95 233.73 228.4 237.15 193.09 187.34 2543.7 0.8015
0.094046 301.92 301.65 261.16 259.95 242.58 238.92 235.45 244.6 195.4 189.23 2318.1 0.79204
0.098091 311.56 311.44 270.16 268.92 247.1 243.64 241.25 251.63 196.48 190.6 2121.9 0.7823
0.10231 320.54 320.4 278.65 277.39 251.01 247.44 247.53 258.02 197.06 191.1 1958.3 0.77229
0.10671 328.93 329.45 286.65 285.88 253.98 251.03 252.66 264.24 196.61 191.28 1831.1 0.76198
0.1113 337.36 337.6 294.59 293.62 256.64 253.66 257.46 269.57 195.75 190.59 1735.2 0.75136
0.11609 345.85 345.72 302.57 301.2 259.13 255.97 262.15 274.52 194.69 189.52 1658.6 0.7404
0.12108 354.47 354.33 310.68 309.27 260.92 258.34 265.63 279.69 192.57 188.36 1590.6 0.72911
0.12629 363.62 363.64 319.19 317.95 263.16 260.9 269.53 285.15 190.97 187.19 1517.2 0.71749
0.13172 372.72 372.97 327.63 326.52 264.88 263.18 273.04 290.27 188.74 185.71 1428.8 0.70564
0.13739 381.78 382.35 336 335.12 266.07 265.16 276.43 295.14 185.89 183.89 1322.1 0.69351
0.1433 389.99 390.23 343.7 342.53 266.47 265.78 279 298.68 182.54 181.02 1200.7 0.68109
0.14947 396.92 397.3 350.34 349.39 265.59 265.55 280.41 301.46 178.15 177.5 1077.7 0.6684
0.1559 402.55 402.33 355.91 354.33 263.6 263.71 280.51 302.33 173.04 172.85 965.59 0.65545
0.1626 406.97 407.62 360.42 359.62 260.53 261.81 279.27 303.24 167.21 168.16 877.18 0.6423
0.1696 410.75 411.34 364.46 363.6 256.68 258.7 277.39 302.81 160.82 162.7 813.92 0.62892
0.17689 414.35 415.2 368.3 367.54 252.36 255.47 275.33 302.06 154.09 157.18 768.58 0.61528
0.1845 418.31 418.44 372.34 371.05 248.46 251.68 273.28 300.72 147.97 151.38 730.89 0.60147
0.19244 422.47 423.08 376.52 375.58 244.17 248.54 270.64 299.95 141.5 146.01 687.37 0.58747
0.20072 426.52 426.84 380.58 379.61 239.75 244.71 267.94 298.52 135.11 140.29 632.25 0.57331
0.20935 429.45 430.03 383.63 382.75 234.31 240.38 264.03 296.12 128.16 134.37 569.32 0.55899
0.21835 430.97 431.64 385.5 384.68 228.17 235.04 259.3 292.57 121.11 127.99 510.41 0.54454
0.22775 431.57 432.48 386.62 386.15 221.45 229.22 253.76 288.48 113.93 121.49 463.32 0.53001
0.23754 431.61 432.52 387.18 386.82 214.29 222.9 247.61 283.58 106.67 114.87 429.24 0.51536
0.24776 431.91 432.62 388.03 387.34 207.28 216.6 241.57 278.42 99.73 108.45 402.9 0.50067
0.25842 432.29 432.74 388.82 387.98 200.3 210.28 235.31 273.16 93.042 102.18 374.45 0.48592
0.26954 432.29 432.91 389.25 388.72 193.11 203.96 228.66 267.82 86.474 96.096 340.96 0.47114
0.28113 431.25 432 388.77 388.33 185.46 197.15 221.39 261.57 79.949 89.976 306.83 0.45637
0.29322 429.43 430.25 387.65 387.35 177.59 190 213.74 254.81 73.617 83.909 278.98 0.44162
0.30584 427.41 427.64 386.3 385.42 169.82 182.56 206.11 247.37 67.635 77.938 257.49 0.42691
0.31899 425.33 425.96 384.93 384.51 162.15 175.62 198.36 240.54 61.962 72.404 238.28 0.41228
0.33272 423.1 423.97 383.32 383.14 154.54 168.61 190.53 233.34 56.574 67.056 217.57 0.3977
0.34703 420.22 421.02 381.15 380.95 146.84 161.38 182.39 225.66 51.426 61.857 196.93 0.3833
0.36196 416.92 417.63 378.61 378.34 139.21 154.11 174.26 217.71 46.582 56.865 179.23 0.369
0.37753 413.33 413.98 375.81 375.62 131.71 146.91 166.16 209.74 42.059 52.133 164.76 0.35487
0.39377 409.97 410.53 373.15 372.87 124.53 139.96 158.25 201.82 37.902 47.718 150.69 0.34093
0.41071 405.91 406.26 369.92 369.54 117.38 132.91 150.24 193.65 34.007 43.483 136.8 0.32716
0.42837 401.83 402.15 366.57 366.29 110.45 126.12 142.37 185.61 30.415 39.55 124.55 0.3136
0.4468 397.44 397.65 362.97 362.63 103.72 119.42 134.63 177.51 27.114 35.865 113.85 0.30032
0.46602 392.86 393.47 359.24 359.19 97.216 113.03 127.04 169.64 24.097 32.47 103.69 0.28727
0.48607 388.25 389.23 355.38 355.7 90.981 106.83 119.66 161.86 21.355 29.319 94.201 0.27445
0.50697 383.37 383.32 351.31 350.83 84.972 100.41 112.46 153.62 18.862 26.3 85.857 0.26194
0.52878 378.45 378.97 347.16 347.18 79.24 94.651 105.5 146.14 16.615 23.64 78.141 0.24976
0.55153 373.31 373.57 342.85 342.64 73.748 88.875 98.766 138.49 14.589 21.144 70.958 0.23791
0.57525 368.19 368.26 338.5 338.23 68.549 83.364 92.306 131.1 12.779 18.871 64.579 0.22637
0.6 362.92 362.84 334.02 333.55 63.601 78.062 86.087 123.83 11.159 16.794 58.702 0.21514
