4.999999999999998890e-02 2.106887159185844638e+01 -2.547845909994172686e+01 1.982892758758179608e-01
5.131538111124953755e-02 2.002900663797086267e+01 -1.922022590416286647e+01 3.951168575889701939e-01
5.266536677185575804e-02 2.539900202624062686e+01 -1.590760519292317277e+01 4.786425448836561514e-01
5.405086734523032593e-02 4.296521197659798474e+01 -1.732721834792101956e-01 6.058126949244843074e-01
5.547281714428174693e-02 4.879883892356717467e+01 1.036846890165660007e+00 7.113508212772715611e-01
5.693217506146954626e-02 5.635583316146862387e+01 1.378691864874893902e+01 7.758635460556628782e-01
5.842992521543374090e-02 5.442437060917563940e+01 2.205636793591293099e+01 8.195233465226661185e-01
5.996707761463584974e-02 6.874628082679504359e+01 3.540428448471604383e+01 7.777598534721315016e-01
6.154466883845843145e-02 6.928720739604854373e+01 4.608186112520380107e+01 7.255823358883664032e-01
6.316376273622276161e-02 8.421263189326506904e+01 6.595634767470755833e+01 6.274348077177749339e-01
6.482545114459627167e-02 8.262246922831204188e+01 7.007148125983344755e+01 4.384676406318572250e-01
6.653085462387295368e-02 8.603183141034871539e+01 8.205668125362770127e+01 2.509027561527247263e-01
6.828112321362360404e-02 9.057156694502977246e+01 1.072200557593639587e+02 3.330504423986619528e-02
7.007743720822566524e-02 1.073973029229927789e+02 1.129500893796560490e+02 -1.659980934927757501e-01
7.192100795279522674e-02 1.048737013874624751e+02 1.299122877287620383e+02 -3.990103195163679506e-01
7.381307866005792917e-02 1.171225900151537758e+02 1.508065064647064446e+02 -5.732225466942090231e-01
7.575492524871028921e-02 1.359023230720740401e+02 1.604994774349864315e+02 -7.032327886129569050e-01
7.774785720383582677e-02 1.537677867970437831e+02 1.788146918859769698e+02 -7.998313467797398824e-01
7.979321845995687723e-02 1.699900041931713872e+02 1.889226835524713408e+02 -8.284723743693008791e-01
8.189238830731759844e-02 1.764045641343600153e+02 2.034820515252130235e+02 -7.709746968372126474e-01
8.404678232200882282e-02 1.990661193827410784e+02 2.253138301296085331e+02 -6.947350555414272266e-01
8.625785332056228050e-02 2.130664771894734031e+02 2.307486850228848425e+02 -5.491106141579252808e-01
8.852709233965831703e-02 2.330856575456110704e+02 2.491721996474864227e+02 -3.913028206238663431e-01
9.085602964160699457e-02 2.560569730392463725e+02 2.663645759712479730e+02 -1.757525497937159620e-01
9.324623574628096434e-02 2.691215328440087546e+02 2.648589433205079899e+02 3.942441376410946857e-02
9.569932249019656723e-02 2.802967134353435767e+02 2.777000293710444794e+02 2.308582079027382272e-01
9.821694411345628650e-02 3.049832474119859853e+02 2.800852205456873207e+02 4.161014349656819156e-01
1.008007983752861464e-01 3.003144879118584640e+02 2.825863911845022471e+02 5.645639542013249912e-01
1.034526276989206905e-01 2.987592386431031741e+02 2.800404957415883587e+02 6.207681576181834915e-01
1.061742203466065487e-01 3.063302714496742283e+02 2.760384719746983819e+02 6.510651440784048782e-01
1.089674116255180264e-01 2.978191118798329740e+02 2.716807014036476744e+02 5.717848655667142621e-01
1.118340851253972756e-01 2.959623654369619885e+02 2.700913331340832997e+02 4.875052830520012481e-01
1.147761739887537408e-01 2.823084630295772968e+02 2.665799024416864995e+02 3.141396743640056388e-01
1.177956622144797072e-01 2.619337153432770720e+02 2.654472523261177912e+02 1.194357208494307571e-01
1.208945859957609170e-01 2.607076194123494020e+02 2.508685979394296623e+02 -6.895212594992043698e-02
1.240750350931841134e-01 2.517032054175725762e+02 2.483184912784734593e+02 -2.425672251947300073e-01
1.273391542439681057e-01 2.402033347953971827e+02 2.456636528962485500e+02 -4.007749151942583410e-01
1.306891446082682762e-01 2.327174633665447345e+02 2.482358491521884218e+02 -4.240551368958652145e-01
1.341272652535298593e-01 2.285538170356851992e+02 2.430683457644590817e+02 -4.466346203439864881e-01
1.376558346778908870e-01 2.346988100972854738e+02 2.489225565508268687e+02 -3.855661928721534348e-01
1.412772323736626867e-01 2.321173567892595031e+02 2.452410858952030424e+02 -2.448966113536020783e-01
1.449939004319412972e-01 2.352313998252463989e+02 2.548223421755793368e+02 -6.748224303229284626e-02
1.488083451894327558e-01 2.487259584798555068e+02 2.539240137891520988e+02 6.802816255694506264e-02
1.527231389186024524e-01 2.562542269988812791e+02 2.566219957791366824e+02 1.949497910055267569e-01
1.567409215622878882e-01 2.627474794700290204e+02 2.513716995862797035e+02 2.645662130391346900e-01
1.608644025139455147e-01 2.583360618903288355e+02 2.516479410710996945e+02 2.823607678868504389e-01
1.650963624447313316e-01 2.561788937108708524e+02 2.386377376985611249e+02 2.148703973271149925e-01
1.694396551786475358e-01 2.427168572983374304e+02 2.328391642479690518e+02 1.447502077318351954e-01
1.738972096170201265e-01 2.332262163452251968e+02 2.227950090616388081e+02 4.707343352269718201e-02
1.784720317136048173e-01 2.111925871728687696e+02 2.082875550964672584e+02 -5.851145263275393110e-02
1.831672065016529960e-01 1.967054922693496337e+02 1.997455710981267032e+02 -1.365889495392164921e-01
1.879859001743053870e-01 1.744692687505864512e+02 1.880597608019674851e+02 -1.530446566242446294e-01
1.929313622197159073e-01 1.728059454424622174e+02 1.770301758810936974e+02 -1.466679516203031330e-01
1.980069276123451461e-01 1.617372544806305257e+02 1.701318906339476769e+02 -9.032142442625482048e-02
2.032160190619018703e-01 1.613436030721709926e+02 1.649439717595909087e+02 -1.976272711471771179e-02
2.085621493214489808e-01 1.591324224773963181e+02 1.608632800536539094e+02 4.810072010473431803e-02
2.140489235562298698e-01 1.588657675149579802e+02 1.537978546944040943e+02 8.053999289051048949e-02
2.196800417748131506e-01 1.523503676156360029e+02 1.506182154700252909e+02 8.401574744344007806e-02
2.254593013241952271e-01 1.520486121857856574e+02 1.432106116119223884e+02 6.567452480218785582e-02
2.313905994505426056e-01 1.446963834724331264e+02 1.379669230746676192e+02 2.339467057917174811e-02
2.374779359273016810e-01 1.305318511085757507e+02 1.289115238422036498e+02 -1.547896584790705091e-02
2.437254157524478271e-01 1.203489260132572554e+02 1.197235399047567057e+02 -4.316440517646796815e-02
2.501372519166921160e-01 1.075802449958462148e+02 1.101897403574886596e+02 -4.838870839085378933e-02
2.567177682445138664e-01 9.924562094006394375e+01 1.000317837034254325e+02 -2.928808632828993480e-02
2.634714023099333779e-01 9.334564065088817131e+01 9.412924821636359241e+01 -2.628839186985326530e-03
2.704027084289917782e-01 8.830326950295288668e+01 8.885125553746807725e+01 1.556808747783230105e-02
2.775163607309560909e-01 8.443018052399494877e+01 8.361950013447352603e+01 2.349377206384755876e-02
2.848171563103204518e-01 7.969751348943020730e+01 7.846428190118516000e+01 2.067694517781053926e-02
2.923100184617286601e-01 7.605372605799209396e+01 7.338671085777919245e+01 6.159669494215429426e-03
2.999999999999999334e-01 6.957847911710855726e+01 6.902323032713795214e+01 -4.142527305191124991e-03
