4.999999999999998890e-02 1.429127952259415046e+01 -2.311619713912425311e+01 2.404198898402202522e-01
5.131538111124953755e-02 2.611749026205843549e+01 -1.765851868282819126e+01 3.939588542512032499e-01
5.266536677185575804e-02 2.809874869309076573e+01 -1.242191434199714628e+01 5.296211265880397256e-01
5.405086734523032593e-02 3.615551825228700977e+01 -6.361865936568586122e+00 6.507990006717701004e-01
5.547281714428174693e-02 4.970936857948804999e+01 3.453475631431607074e+00 7.761083401940583881e-01
5.693217506146954626e-02 4.996626157010692992e+01 1.397040765419226638e+01 8.079798346002732279e-01
5.842992521543374090e-02 5.632139309637189228e+01 2.784885179311016401e+01 8.143861196447753636e-01
5.996707761463584974e-02 6.379518544518322187e+01 3.909470700060016668e+01 8.088559480700874271e-01
6.154466883845843145e-02 6.859417733079233415e+01 5.032086962482498649e+01 7.375278703609707831e-01
6.316376273622276161e-02 7.073630715866214302e+01 6.109628599524891257e+01 6.074695765940234526e-01
6.482545114459627167e-02 8.102941995154725419e+01 7.620740996199677397e+01 4.405786428656581766e-01
6.653085462387295368e-02 8.898604582402498409e+01 9.335062550152530036e+01 2.297622000193661473e-01
6.828112321362360404e-02 9.503427478259982308e+01 1.050643599223365783e+02 3.262442653020036082e-02
7.007743720822566524e-02 1.114569213096539642e+02 1.198059138157407233e+02 -1.842412582595340798e-01
7.192100795279522674e-02 1.218172157665649564e+02 1.367986477050215512e+02 -3.993326052114629099e-01
7.381307866005792917e-02 1.292110250519675390e+02 1.500556476570721998e+02 -6.063685882534478599e-01
7.575492524871028921e-02 1.407881236911306928e+02 1.667133032871549858e+02 -7.648123031975665453e-01
7.774785720383582677e-02 1.532814989373570995e+02 1.872890221927536345e+02 -8.330044341105046213e-01
7.979321845995687723e-02 1.694538327833378162e+02 2.040121525014407950e+02 -8.577748754601500769e-01
8.189238830731759844e-02 1.837797494479108877e+02 2.188809731845347812e+02 -8.044974516203163839e-01
8.404678232200882282e-02 2.047879947490733343e+02 2.385577203851940737e+02 -7.522169586029102684e-01
8.625785332056228050e-02 2.241724062871491867e+02 2.495347384412459917e+02 -5.835105623055426571e-01
8.852709233965831703e-02 2.481353164601127048e+02 2.670877115707995131e+02 -4.171188541368730518e-01
9.085602964160699457e-02 2.678064841858439991e+02 2.807243265014257076e+02 -1.830082717847706653e-01
9.324623574628096434e-02 2.886336753787791167e+02 2.916832658214871117e+02 2.928859812071780283e-02
9.569932249019656723e-02 2.999087393511135247e+02 2.996493914620820647e+02 2.606613803228357007e-01
9.821694411345628650e-02 3.175278210462007564e+02 3.042653689955373579e+02 4.311886291262236326e-01
1.008007983752861464e-01 3.286546479051356755e+02 3.102780420362199152e+02 5.740893687099106746e-01
1.034526276989206905e-01 3.476204944851010623e+02 3.085296294130322963e+02 6.895789973119257343e-01
1.061742203466065487e-01 3.413358879297263115e+02 3.112728849890298761e+02 7.176507203228356113e-01
1.089674116255180264e-01 3.375526231102957695e+02 3.086106365758040511e+02 6.604040115506875086e-01
1.118340851253972756e-01 3.365904713883482486e+02 3.051532804260222633e+02 5.133902948483132223e-01
1.147761739887537408e-01 3.221460633272217819e+02 3.027921103168575883e+02 3.494312869376717812e-01
1.177956622144797072e-01 3.146769742454832226e+02 3.008517854911348195e+02 1.529215556061349346e-01
1.208945859957609170e-01 3.068008609644527951e+02 2.996361540085089246e+02 -8.368571058018481335e-02
1.240750350931841134e-01 2.877234844340676432e+02 2.934804915876826499e+02 -2.954758293568860439e-01
1.273391542439681057e-01 2.811853818981074369e+02 2.960045860342069091e+02 -4.476846588133497340e-01
1.306891446082682762e-01 2.766170494682104959e+02 2.959153843397834294e+02 -5.434140493088289725e-01
1.341272652535298593e-01 2.780636974698122685e+02 2.973318675555385653e+02 -5.392027364675560097e-01
1.376558346778908870e-01 2.868101696917661911e+02 3.050425223920572648e+02 -4.648728822956854079e-01
1.412772323736626867e-01 2.911420164820582386e+02 3.139591740916639537e+02 -3.000759348303441709e-01
1.449939004319412972e-01 3.005968851076594888e+02 3.192986872288868199e+02 -1.063607941341477986e-01
1.488083451894327558e-01 3.234104138110444637e+02 3.275107188976227235e+02 1.012267639076932374e-01
1.527231389186024524e-01 3.355032698382340186e+02 3.344338883259227941e+02 2.607143242230900992e-01
1.567409215622878882e-01 3.459271933773202363e+02 3.399041662120896490e+02 3.561336842196677344e-01
1.608644025139455147e-01 3.562110180384464684e+02 3.396358908657301185e+02 3.892882101031286401e-01
1.650963624447313316e-01 3.529152038395330919e+02 3.352160261275502080e+02 3.400518105458407159e-01
1.694396551786475358e-01 3.487872881530839209e+02 3.317919623888762999e+02 1.981304595203088881e-01
1.738972096170201265e-01 3.367733820941834892e+02 3.242814997183349419e+02 5.597631926179116174e-02
1.784720317136048173e-01 3.198919377738087064e+02 3.138618777630512682e+02 -8.483603441914543131e-02
1.831672065016529960e-01 2.996887012135787813e+02 3.049532356148339431e+02 -2.033915443334946005e-01
1.879859001743053870e-01 2.837190807954175966e+02 2.914474472711392536e+02 -2.695858316521524412e-01
1.929313622197159073e-01 2.716327605722270278e+02 2.837149578518302633e+02 -2.390082372632031937e-01
1.980069276123451461e-01 2.650522058016055666e+02 2.808533167742944556e+02 -1.592054336695900019e-01
2.032160190619018703e-01 2.685308221815596994e+02 2.777716856894982698e+02 -3.246976008181535339e-02
2.085621493214489808e-01 2.780728467288290062e+02 2.819889386119529036e+02 8.230662024505538965e-02
2.140489235562298698e-01 2.842548832043453899e+02 2.826919302557733431e+02 1.512853696266001358e-01
2.196800417748131506e-01 2.915608767005241475e+02 2.794858667973487627e+02 1.580075306125793277e-01
2.254593013241952271e-01 2.905793340717061710e+02 2.794141007595723067e+02 1.253237603907872422e-01
2.313905994505426056e-01 2.867981938971270779e+02 2.767490238236053415e+02 4.333581605393437702e-02
2.374779359273016810e-01 2.733046485847679037e+02 2.682600350657690456e+02 -3.119748771007507804e-02
2.437254157524478271e-01 2.596482619381520749e+02 2.603957631932173058e+02 -9.311287348152033627e-02
2.501372519166921160e-01 2.460947390064145566e+02 2.490915381061312814e+02 -1.153232362011403223e-01
2.567177682445138664e-01 2.304933151711315418e+02 2.397581772091704124e+02 -7.422130728225029284e-02
2.634714023099333779e-01 2.271934716740631188e+02 2.317761552905351436e+02 -9.518499529551169985e-03
2.704027084289917782e-01 2.255687010516072917e+02 2.289011879812747736e+02 3.930402289124618198e-02
2.775163607309560909e-01 2.251488733427939053e+02 2.244353438889031338e+02 6.441584239744443940e-02
2.848171563103204518e-01 2.318798594668679982e+02 2.250222589083631419e+02 5.559742772076452233e-02
2.923100184617286601e-01 2.264766498132360653e+02 2.221927211316215391e+02 2.498660794811486882e-02
2.999999999999999334e-01 2.208385868019334168e+02 2.175291266406032378e+02 -1.782899170226095661e-02
