4.999999999999998890e-02 -1.740784366932520015e+02 -2.155856569008326460e+02 2.598855313732301164e-01
5.131538111124953755e-02 -1.683621460851592246e+02 -2.086237930194218109e+02 3.217052291020039978e-01
5.266536677185575804e-02 -1.812463313040723563e+02 -2.089009410187466358e+02 3.280308433814447810e-01
5.405086734523032593e-02 -1.704939300551192503e+02 -2.120975530024009572e+02 3.622418113443486853e-01
5.547281714428174693e-02 -1.663763115056145239e+02 -2.041448452888494955e+02 3.751574257291054315e-01
5.693217506146954626e-02 -1.610710070227103472e+02 -2.029372322897057472e+02 3.475625893775921016e-01
5.842992521543374090e-02 -1.677848144957479803e+02 -2.007531940396345931e+02 3.293439633090859409e-01
5.996707761463584974e-02 -1.725703506012347361e+02 -1.919327442211551045e+02 2.787669277202596274e-01
6.154466883845843145e-02 -1.737869225568140337e+02 -1.890037229215650996e+02 1.990704810047816964e-01
6.316376273622276161e-02 -1.755889411812468097e+02 -1.782397647887126197e+02 1.052535547232969770e-01
6.482545114459627167e-02 -1.711292449026332179e+02 -1.733329399225063128e+02 1.745705663609325303e-02
6.653085462387295368e-02 -1.750806412748852381e+02 -1.631584776292667698e+02 -8.740800538912016360e-02
6.828112321362360404e-02 -1.466226683136796680e+02 -1.480362436671985904e+02 -1.936332873932530008e-01
7.007743720822566524e-02 -1.579130757231015423e+02 -1.428391894319054813e+02 -2.817971068516328392e-01
7.192100795279522674e-02 -1.534745666555872106e+02 -1.160674810060533559e+02 -3.668021927079815336e-01
7.381307866005792917e-02 -1.376769998095944345e+02 -1.118423977808554497e+02 -4.552264674988719673e-01
7.575492524871028921e-02 -1.102934323985729463e+02 -8.268771161707645945e+01 -4.849163947335615177e-01
7.774785720383582677e-02 -1.035247794401358448e+02 -5.275405388124568873e+01 -4.918056788220921405e-01
7.979321845995687723e-02 -8.328866953403918671e+01 -3.659330453260206184e+01 -4.494069078449170473e-01
8.189238830731759844e-02 -5.378072732578966964e+01 -9.506864530844483241e+00 -3.837498608057821059e-01
8.404678232200882282e-02 -8.797045402556500804e+00 1.467164796539692873e+01 -3.292423700782179385e-01
8.625785332056228050e-02 1.670939877260270023e+01 3.832012778637639627e+01 -2.318146462823819087e-01
8.852709233965831703e-02 4.393625484072383358e+01 6.197809211532478457e+01 -1.106779426365043922e-01
9.085602964160699457e-02 9.951963980060173753e+01 1.045259325516219207e+02 1.845843366639001240e-02
9.324623574628096434e-02 1.308236347151548671e+02 1.261565068963556371e+02 1.457019372555005687e-01
9.569932249019656723e-02 1.836656012208015056e+02 1.514897468570767955e+02 2.993669665744192465e-01
9.821694411345628650e-02 2.007635080070618301e+02 1.628484191333521949e+02 4.238724642568926226e-01
1.008007983752861464e-01 2.299672496438457756e+02 1.771284840396584741e+02 4.798379126874738332e-01
1.034526276989206905e-01 2.675070395953018192e+02 2.060148596840993491e+02 4.876929746260049714e-01
1.061742203466065487e-01 2.780763832460746698e+02 2.269509784708263567e+02 4.132644956176328432e-01
1.089674116255180264e-01 2.799994985655596906e+02 2.414184752115773165e+02 3.421483773348820145e-01
1.118340851253972756e-01 2.992592994574714567e+02 2.474986201742148637e+02 2.446757961609077325e-01
1.147761739887537408e-01 2.942724302650956361e+02 2.518439660278523320e+02 1.253011493284801048e-01
1.177956622144797072e-01 2.894090963339293126e+02 2.593481558293347007e+02 -3.367309356696766062e-03
1.208945859957609170e-01 2.659926795692442738e+02 2.789422296145331757e+02 -1.552587616815144234e-01
1.240750350931841134e-01 2.755351855325472457e+02 2.966808511392689525e+02 -2.785138751139115132e-01
1.273391542439681057e-01 2.664797050709503310e+02 3.138997967192859733e+02 -3.806696226057811883e-01
1.306891446082682762e-01 2.793867574509131941e+02 3.203963473591824709e+02 -4.406185678611997947e-01
1.341272652535298593e-01 2.844643710012137490e+02 3.487983119713366591e+02 -3.837731858913243643e-01
1.376558346778908870e-01 3.140135317149561160e+02 3.651305206223520372e+02 -2.899943115263701743e-01
1.412772323736626867e-01 3.508717074352338727e+02 4.033682584293364357e+02 -1.113638676188476173e-01
1.449939004319412972e-01 3.951530459812078107e+02 4.205931136154620731e+02 2.779428353639618043e-02
1.488083451894327558e-01 4.524907621706580585e+02 4.501249059864113633e+02 1.343493035989678508e-01
1.527231389186024524e-01 4.995098239889077831e+02 4.915184635354265765e+02 2.422359867277803780e-01
1.567409215622878882e-01 5.721543925630579679e+02 5.147025055836240881e+02 2.935026351743518780e-01
1.608644025139455147e-01 6.035830679246531645e+02 5.579611676647041349e+02 2.896653068878475290e-01
1.650963624447313316e-01 6.342434032535800270e+02 5.878100231656771939e+02 2.383659515378142302e-01
1.694396551786475358e-01 6.359826743377374214e+02 5.823080208398919240e+02 1.638444743773685153e-01
1.738972096170201265e-01 6.462806213691605990e+02 5.988942991120867418e+02 2.267424337632043679e-02
1.784720317136048173e-01 6.192231949730029328e+02 5.998993829105319264e+02 -1.551507085232945171e-01
1.831672065016529960e-01 6.127921862648248634e+02 6.187817661058314798e+02 -2.578416267460466038e-01
1.879859001743053870e-01 5.937522950818355412e+02 6.280063024631670032e+02 -2.609224489684818793e-01
1.929313622197159073e-01 5.734721462775372629e+02 6.307387628782205411e+02 -2.143078305958952268e-01
1.980069276123451461e-01 5.861507088476132594e+02 6.433952364597187170e+02 -7.324964987848428533e-02
2.032160190619018703e-01 6.232754558174775639e+02 6.561846113661404161e+02 7.928758637206380355e-02
2.085621493214489808e-01 6.576171577383667000e+02 6.888239642436568602e+02 1.871666724677903682e-01
2.140489235562298698e-01 7.008084040598707816e+02 7.143913685408272158e+02 1.947448470258180964e-01
2.196800417748131506e-01 7.406173774935189158e+02 7.203018655193991435e+02 1.270674274307286022e-01
2.254593013241952271e-01 7.588329960515854964e+02 7.247981923618941664e+02 2.782225637315369551e-02
2.313905994505426056e-01 7.674725905257992054e+02 7.249232139164107593e+02 -7.277779623405673803e-02
2.374779359273016810e-01 7.772283041020331211e+02 7.529851574704507584e+02 -1.216345192115069473e-01
2.437254157524478271e-01 7.756909831637841535e+02 7.699378333586705594e+02 -9.821559228621001836e-02
2.501372519166921160e-01 7.621299735466087668e+02 7.944277036491508852e+02 -3.999069899641341519e-02
2.567177682445138664e-01 7.335808776747751381e+02 7.832292062116050602e+02 1.227769310063340710e-02
2.634714023099333779e-01 7.474873565747468547e+02 7.726823469808083473e+02 5.139316524157264837e-02
2.704027084289917782e-01 7.512903774053660300e+02 7.801051055307267461e+02 5.952517082852407798e-02
2.775163607309560909e-01 7.772523057567714204e+02 7.943605350246343733e+02 4.387812691628278916e-02
2.848171563103204518e-01 8.135418496164104454e+02 8.175751244642279971e+02 -7.141145547620433159e-03
2.923100184617286601e-01 8.245067894910744144e+02 8.023049473510743610e+02 -1.341827118350215689e-02
2.999999999999999334e-01 8.200891491176794261e+02 7.946633792483754632e+02 -2.066044778156134534e-02
