# k, Pcc, Pcchi
9.999999999999999124e-06 4.669617859880187183e+01 4.669617859880187183e+01
1.016265089392995130e-05 4.742950609399692752e+01 4.742950609399692752e+01
1.032794731918952453e-05 4.817476122645567926e+01 4.817476122645567926e+01
1.049593230558226521e-05 4.893130538473009494e+01 4.893130538473009494e+01
1.066664958279538781e-05 4.970015311592604945e+01 4.970015311592604945e+01
1.084014359178330984e-05 5.048065178155916044e+01 5.048065178155916044e+01
1.101645949633657016e-05 5.127384186154608159e+01 5.127384186154608159e+01
1.119564319483879533e-05 5.207905476670925538e+01 5.207905476670925538e+01
1.137774133221490236e-05 5.289735917537392140e+01 5.289735917537392140e+01
1.156280131207375472e-05 5.372806884110743653e+01 5.372806884110743653e+01
1.175087130904807549e-05 5.457228270529594027e+01 5.457228270529594027e+01
1.194200028133532407e-05 5.542929642077643848e+01 5.542929642077643848e+01
1.213623798344241651e-05 5.630024003794930110e+01 5.630024003794930110e+01
1.233363497913774693e-05 5.718439064967215302e+01 5.718439064967215302e+01
1.253424265461399484e-05 5.808291028455145266e+01 5.808291028455145266e+01
1.273811323186478452e-05 5.899505700527006979e+01 5.899505700527006979e+01
1.294529978227915899e-05 5.992202571169339365e+01 5.992202571169339365e+01
1.315585624045705155e-05 6.086305495449664704e+01 6.086305495449664704e+01
1.336983741824945150e-05 6.181937342280193093e+01 6.181937342280193093e+01
1.358729901902709093e-05 6.279019965635892220e+01 6.279019965635892220e+01
1.380829765218092365e-05 6.377679708217749521e+01 6.377679708217749521e+01
1.403289084785873161e-05 6.477836371979093144e+01 6.477836371979093144e+01
1.426113707194129759e-05 6.579619870738213194e+01 6.579619870738213194e+01
1.449309574126215066e-05 6.682947902694131415e+01 6.682947902694131415e+01
1.472882723907501804e-05 6.787954052389648041e+01 6.787954052389648041e+01
1.496839293077255598e-05 6.894553861319030830e+01 6.894553861319030830e+01
1.521185517986104894e-05 7.002884687076385717e+01 7.002884687076385717e+01
1.545927736419478539e-05 7.112859860255366584e+01 7.112859860255366584e+01
1.571072389247448757e-05 7.224620616628820358e+01 7.224620616628820358e+01
1.596626022101425084e-05 7.338078020422963732e+01 7.338078020422963732e+01
1.622595287078087002e-05 7.453377293592063779e+01 7.453377293592063779e+01
1.648986944471064877e-05 7.570427177195649904e+01 7.570427177195649904e+01
1.675807864530768815e-05 7.689376990357577313e+01 7.689376990357577313e+01
1.703065029252842823e-05 7.810133092081559880e+01 7.810133092081559880e+01
1.730765534195724041e-05 7.932849013408754502e+01 7.932849013408754502e+01
1.758916590327732596e-05 8.057428670997660447e+01 8.057428670997660447e+01
1.787525525904235186e-05 8.184029925731206845e+01 8.184029925731206845e+01
1.816599788375328615e-05 8.312554190955457045e+01 8.312554190955457045e+01
1.846146946324545750e-05 8.443163777852406326e+01 8.443163777852406326e+01
1.876174691439119540e-05 8.575757534085589384e+01 8.575757534085589384e+01
1.906690840512252017e-05 8.710502344849284384e+01 8.710502344849284384e+01
1.937703337477988640e-05 8.847294428312127934e+01 8.847294428312127934e+01
1.969220255479173340e-05 8.986305370766852718e+01 8.986305370766852718e+01
2.001249798969034841e-05 9.127428695604987752e+01 9.127428695604987752e+01
2.033800305846979900e-05 9.270840820766399304e+01 9.270840820766399304e+01
2.066880249629082024e-05 9.416432508050684191e+01 9.416432508050684191e+01
2.100498241653915194e-05 9.564385141179246830e+01 9.564385141179246830e+01
2.134663033324245187e-05 9.714586650532217504e+01 9.714586650532217504e+01
2.169383518385182289e-05 9.867223524784466804e+01 9.867223524784466804e+01
2.204668735239407619e-05 1.002218079083030204e+02 1.002218079083030204e+02
2.240527869300018224e-05 1.017965018590545156e+02 1.017965018590545156e+02
2.276970255381680078e-05 1.033951376158658206e+02 1.033951376158658206e+02
2.314005380130654141e-05 1.050196864945295374e+02 1.050196864945295374e+02
2.351642884494351072e-05 1.066689385235955854e+02 1.066689385235955854e+02
2.389892566231047497e-05 1.083449204583785814e+02 1.083449204583785814e+02
2.428764382460450277e-05 1.100463910894303865e+02 1.100463910894303865e+02
2.468268452255692542e-05 1.117754341483342841e+02 1.117754341483342841e+02
2.508415059277541105e-05 1.135307764198695253e+02 1.135307764198695253e+02
2.549214654451425796e-05 1.153145601903684394e+02 1.153145601903684394e+02
2.590677858688005951e-05 1.171254794534695947e+02 1.171254794534695947e+02
2.632815465648019783e-05 1.189657366718277700e+02 1.189657366718277700e+02
2.675638444552045131e-05 1.208339922106431175e+02 1.208339922106431175e+02
2.719157943036018971e-05 1.227325104059625431e+02 1.227325104059625431e+02
2.763385290053172626e-05 1.246599171042725942e+02 1.246599171042725942e+02
2.808331998823169760e-05 1.266185402910455196e+02 1.266185402910455196e+02
2.854009769829237252e-05 1.286069704424181452e+02 1.286069704424181452e+02
2.900430493863991665e-05 1.306276009654584129e+02 1.306276009654584129e+02
2.947606255124858801e-05 1.326789860992642218e+02 1.326789860992642218e+02
2.995549334359816519e-05 1.347635864858645220e+02 1.347635864858645220e+02
3.044272212064299681e-05 1.368799192406856093e+02 1.368799192406856093e+02
3.093787571730136646e-05 1.390305141033247480e+02 1.390305141033247480e+02
3.144108303147264728e-05 1.412138501590677038e+02 1.412138501590677038e+02
3.195247505759213607e-05 1.434325281582229366e+02 1.434325281582229366e+02
3.247218492073131901e-05 1.456849882291801919e+02 1.456849882291801919e+02
3.300034791125281526e-05 1.479739040980468019e+02 1.479739040980468019e+02
3.353710152002928861e-05 1.502976759233677910e+02 1.502976759233677910e+02
3.408258547423451975e-05 1.526590524846300809e+02 1.526590524846300809e+02
3.463694177371734559e-05 1.550563928141685608e+02 1.550563928141685608e+02
3.520031472796682085e-05 1.574925229915567968e+02 1.574925229915567968e+02
3.577285099367869166e-05 1.599657598933249290e+02 1.599657598933249290e+02
3.635469961293317630e-05 1.624790090771834059e+02 1.624790090771834059e+02
3.694601205199302477e-05 1.650305442312414641e+02 1.650305442312414641e+02
3.754694224073336996e-05 1.676233526006244858e+02 1.676233526006244858e+02
3.815764661271252544e-05 1.702556636266597536e+02 1.702556636266597536e+02
3.877828414589453094e-05 1.729305485113841598e+02 1.729305485113841598e+02
3.940901640403447737e-05 1.756461913672176820e+02 1.756461913672176820e+02
4.005000757873611187e-05 1.784057496844107789e+02 1.784057496844107789e+02
4.070142453219438740e-05 1.812073611401503967e+02 1.812073611401503967e+02
4.136343684063277602e-05 1.840542719076352967e+02 1.840542719076352967e+02
4.203621683844717692e-05 1.869445720217517817e+02 1.869445720217517817e+02
4.271993966306776293e-05 1.898815988659304992e+02 1.898815988659304992e+02
4.341478330055092863e-05 1.928633933593629877e+02 1.928633933593629877e+02
4.412092863191190454e-05 1.958933869088795632e+02 1.958933869088795632e+02
4.483855948021190816e-05 1.989695700500310238e+02 1.989695700500310238e+02
4.556786265841068756e-05 2.020954709106590030e+02 2.020954709106590030e+02
4.630902801799737309e-05 2.052690284037799984e+02 2.052690284037799984e+02
4.706224849841281693e-05 2.084938700807148848e+02 2.084938700807148848e+02
4.782772017727485219e-05 2.117678819572901716e+02 2.117678819572901716e+02
4.860564232142138599e-05 2.150947937848952733e+02 2.150947937848952733e+02
4.939621743878325959e-05 2.184724373785004445e+02 2.184724373785004445e+02
5.019965133110079395e-05 2.219046475422397862e+02 2.219046475422397862e+02
5.101615314749833230e-05 2.253892005570043864e+02 2.253892005570043864e+02
5.184593543892912596e-05 2.289300392104511275e+02 2.289300392104511275e+02
5.268921421350676549e-05 2.325248827947912957e+02 2.325248827947912957e+02
5.354620899273612700e-05 2.361777851714603003e+02 2.361777851714603003e+02
5.441714286865887004e-05 2.398864066892498670e+02 2.398864066892498670e+02
5.530224256192899801e-05 2.436549158708941434e+02 2.436549158708941434e+02
5.620173848083187778e-05 2.474809124890747114e+02 2.474809124890747114e+02
5.711586478126435033e-05 2.513686831383654976e+02 2.513686831383654976e+02
5.804485942768983719e-05 2.553157655118520779e+02 2.553157655118520779e+02
5.898896425508493637e-05 2.593265676056965958e+02 2.593265676056965958e+02
5.994842503189408905e-05 2.633985634721300926e+02 2.633985634721300926e+02
6.092349152400711648e-05 2.675362859306668497e+02 2.675362859306668497e+02
6.191441755977847869e-05 2.717371437947332993e+02 2.717371437947332993e+02
6.292146109610350833e-05 2.760057982237321426e+02 2.760057982237321426e+02
6.394488428556936667e-05 2.803395911569682539e+02 2.803395911569682539e+02
6.498495354469887545e-05 2.847433157075677173e+02 2.847433157075677173e+02
6.604193962330304700e-05 2.892142451495950581e+02 2.892142451495950581e+02
6.711611767496287204e-05 2.937573083638043272e+02 2.937573083638043272e+02
6.820776732865691926e-05 2.983697071542887329e+02 2.983697071542887329e+02
6.931717276155400522e-05 3.030565109250886167e+02 3.030565109250886167e+02
7.044462277299036847e-05 3.078148476963974076e+02 3.078148476963974076e+02
7.159041085964887167e-05 3.126499319106795269e+02 3.126499319106795269e+02
7.275483529196232206e-05 3.175588159394586114e+02 3.175588159394586114e+02
7.393819919175873207e-05 3.225468634296444179e+02 3.225468634296444179e+02
7.514081061116962114e-05 3.276110491252151178e+02 3.276110491252151178e+02
7.636298261282241959e-05 3.327568901567582884e+02 3.327568901567582884e+02
7.760503335133570393e-05 3.379812816117135412e+02 3.379812816117135412e+02
7.886728615614154998e-05 3.432898985044394635e+02 3.432898985044394635e+02
8.015006961565412610e-05 3.486795541863597805e+02 3.486795541863597805e+02
8.145371766280736284e-05 3.541560860798322210e+02 3.541560860798322210e+02
8.277856966198471106e-05 3.597162235463688376e+02 3.597162235463688376e+02
8.412497049736118173e-05 3.653659711703425046e+02 3.653659711703425046e+02
8.549327066268383750e-05 3.711019703248408632e+02 3.711019703248408632e+02
8.688382635251193202e-05 3.769303990597268808e+02 3.769303990597268808e+02
8.829699955494083421e-05 3.828478072177612148e+02 3.828478072177612148e+02
8.973315814583520257e-05 3.888605525288451190e+02 3.888605525288451190e+02
9.119267598459298522e-05 3.949650909211297289e+02 3.949650909211297289e+02
9.267593301146882789e-05 4.011679651234809398e+02 4.011679651234809398e+02
9.418331534647960399e-05 4.074655345422040114e+02 4.074655345422040114e+02
9.571521538991854827e-05 4.138645323510687604e+02 4.138645323510687604e+02
9.727203192450537027e-05 4.203612187516640120e+02 4.203612187516640120e+02
9.885417021919572569e-05 4.269625229666396535e+02 4.269625229666396535e+02
1.004620421346813112e-04 4.336646032375301729e+02 4.336646032375301729e+02
1.020960662306046523e-04 4.404745906022333202e+02 4.404745906022333202e+02
1.037566678745185890e-04 4.473885383968120664e+02 4.473885383968120664e+02
1.054442793526168330e-04 4.544137855019391736e+02 4.544137855019391736e+02
1.071593399822671062e-04 4.615462744471589076e+02 4.615462744471589076e+02
1.089022962263730431e-04 4.687935605049447076e+02 4.687935605049447076e+02
1.106736018095973297e-04 4.761514693994787422e+02 4.761514693994787422e+02
1.124737178364751899e-04 4.836277819085763667e+02 4.836277819085763667e+02
1.143031129114478576e-04 4.912182037706671736e+02 4.912182037706671736e+02
1.161622632608501755e-04 4.989307482887869583e+02 4.989307482887869583e+02
1.180516528568805612e-04 5.067609976048157705e+02 5.067609976048157705e+02
1.199717735435884303e-04 5.147172046568600763e+02 5.147172046568600763e+02
1.219231251649110739e-04 5.227948242464079840e+02 5.227948242464079840e+02
1.239062156947915523e-04 5.310023562703117932e+02 5.310023562703117932e+02
1.259215613694150942e-04 5.393351243346235151e+02 5.393351243346235151e+02
1.279696868215941395e-04 5.478018828384447261e+02 5.478018828384447261e+02
1.300511252173409775e-04 5.563978201376819470e+02 5.563978201376819470e+02
1.321664183946604919e-04 5.651319529710959841e+02 5.651319529710959841e+02
1.343161170046015297e-04 5.739993257446086545e+02 5.739993257446086545e+02
1.365007806546013845e-04 5.830092292010134543e+02 5.830092292010134543e+02
1.387209780541621008e-04 5.921565530397139128e+02 5.921565530397139128e+02
1.409772871628967624e-04 6.014508760739096260e+02 6.014508760739096260e+02
1.432702953409830901e-04 6.108869287737117020e+02 6.108869287737117020e+02
1.456005995020648411e-04 6.204745877252593118e+02 6.204745877252593118e+02
1.479688062686396112e-04 6.302084189206568681e+02 6.302084189206568681e+02
1.503755321299738291e-04 6.400986062937208771e+02 6.400986062937208771e+02
1.528214036025870941e-04 6.501395458348187049e+02 6.501395458348187049e+02
1.553070573933459984e-04 6.603417387002184569e+02 6.603417387002184569e+02
1.578331405652116427e-04 6.706994051751830739e+02 6.706994051751830739e+02
1.604003107056819902e-04 6.812233738218085364e+02 6.812233738218085364e+02
1.630092360979741085e-04 6.919076832915634441e+02 6.919076832915634441e+02
1.656605958949915094e-04 7.027635000845190234e+02 7.027635000845190234e+02
1.683550802961202269e-04 7.137846684870800118e+02 7.137846684870800118e+02
1.710933907269013374e-04 7.249827088992980180e+02 7.249827088992980180e+02
1.738762400216250527e-04 7.363512514650844878e+02 7.363512514650844878e+02
1.767043526088946863e-04 7.479021930448228659e+02 7.479021930448228659e+02
1.795784647002096894e-04 7.596289426229240007e+02 7.596289426229240007e+02
1.824993244816152445e-04 7.715437877517083507e+02 7.715437877517083507e+02
1.854676923084697527e-04 7.836399083319264491e+02 7.836399083319264491e+02
1.884843409033795203e-04 7.959299959604617243e+02 7.959299959604617243e+02
1.915500555573527660e-04 8.084069928852529756e+02 8.084069928852529756e+02
1.946656343342263208e-04 8.210840085364164906e+02 8.210840085364164906e+02
1.978318882784164360e-04 8.339537386401832464e+02 8.339537386401832464e+02
2.010496416260497009e-04 8.470297246971109644e+02 8.470297246971109644e+02
2.043197320195270323e-04 8.603044067286371046e+02 8.603044067286371046e+02
2.076430107255774669e-04 8.737917730084998311e+02 8.737917730084998311e+02
2.110203428568596521e-04 8.874839895917270951e+02 8.874839895917270951e+02
2.144526075971667385e-04 9.013955132718208461e+02 9.013955132718208461e+02
2.179406984302953594e-04 9.155182003742676216e+02 9.155182003742676216e+02
2.214855233726359179e-04 9.298670126911505349e+02 9.298670126911505349e+02
2.250880052095461704e-04 9.444334847532503545e+02 9.444334847532503545e+02
2.287490817355703940e-04 9.592331055714557806e+02 9.592331055714557806e+02
2.324697059985647715e-04 9.742570757172286449e+02 9.742570757172286449e+02
2.362508465477945339e-04 9.895214306662815034e+02 9.895214306662815034e+02
2.400934876860652035e-04 1.005017023268951448e+03 1.005017023268951448e+03
2.439986297259550199e-04 1.020760455361955110e+03 1.020760455361955110e+03
2.479672892502159890e-04 1.036742217807902307e+03 1.036742217807902307e+03
2.520004993764092018e-04 1.052979499369161431e+03 1.052979499369161431e+03
2.560993100258456283e-04 1.069462414134440678e+03 1.069462414134440678e+03
2.602647881969004482e-04 1.086208759043457576e+03 1.086208759043457576e+03
2.644980182427719858e-04 1.103208245673916963e+03 1.103208245673916963e+03
2.688001021537607393e-04 1.120479308682683040e+03 1.120479308682683040e+03
2.731721598441376204e-04 1.138011195587702787e+03 1.138011195587702787e+03
2.776153294436798464e-04 1.155823036377953940e+03 1.155823036377953940e+03
2.821307675939470740e-04 1.173903591817772622e+03 1.173903591817772622e+03
2.867196497493769728e-04 1.192272723689211716e+03 1.192272723689211716e+03
2.913831704832788461e-04 1.210918687506786227e+03 1.210918687506786227e+03
2.961225437988034134e-04 1.229862105270506618e+03 1.229862105270506618e+03
3.009390034449720770e-04 1.249090704826197907e+03 1.249090704826197907e+03
3.058338032378431388e-04 1.268625897795172932e+03 1.268625897795172932e+03
3.108082173869063645e-04 1.288454861096366812e+03 1.288454861096366812e+03
3.158635408267818990e-04 1.308599826380652530e+03 1.308599826380652530e+03
3.210010895543171532e-04 1.329047395519030033e+03 1.329047395519030033e+03
3.262222009711669896e-04 1.349820651631523106e+03 1.349820651631523106e+03
3.315282342319423150e-04 1.370905585558165967e+03 1.370905585558165967e+03
3.369205705980266659e-04 1.392326172126412985e+03 1.392326172126412985e+03
3.424006137971425355e-04 1.414067693321341039e+03 1.414067693321341039e+03
3.479697903887691928e-04 1.436155101769114708e+03 1.436155101769114708e+03
3.536295501355043156e-04 1.458572926434198507e+03 1.458572926434198507e+03
3.593813663804625697e-04 1.481347158471141256e+03 1.481347158471141256e+03
3.652267364308175480e-04 1.504461546522038589e+03 1.504461546522038589e+03
3.711671819475766804e-04 1.527943162670959055e+03 1.527943162670959055e+03
3.772042493416997012e-04 1.551774939034444742e+03 1.551774939034444742e+03
3.833395101766600972e-04 1.575985072426967918e+03 1.575985072426967918e+03
3.895745615775500948e-04 1.600555640867002694e+03 1.600555640867002694e+03
3.959110266468458469e-04 1.625516011190570453e+03 1.625516011190570453e+03
4.023505548869293143e-04 1.650847368363441547e+03 1.650847368363441547e+03
4.088948226294864268e-04 1.676580296059697275e+03 1.676580296059697275e+03
4.155455334718875077e-04 1.702695035962819247e+03 1.702695035962819247e+03
4.223044187206672164e-04 1.729223443683417145e+03 1.729223443683417145e+03
4.291732378422157359e-04 1.756144676599556306e+03 1.756144676599556306e+03
4.361537789208005771e-04 1.783491981442613451e+03 1.783491981442613451e+03
4.432478591240400501e-04 1.811243349053957672e+03 1.811243349053957672e+03
4.504573251759458222e-04 1.839433515078034134e+03 1.839433515078034134e+03
4.577840538376616304e-04 1.868039264600858132e+03 1.868039264600858132e+03
4.652299523960189294e-04 1.897096885027733606e+03 1.897096885027733606e+03
4.727969591600390906e-04 1.926581899048856712e+03 1.926581899048856712e+03
4.804870439655134495e-04 1.956532210303718557e+03 1.956532210303718557e+03
4.883022086877879990e-04 1.986922020198183418e+03 1.986922020198183418e+03
4.962444877628913436e-04 2.017790915204742532e+03 2.017790915204742532e+03
5.043159487171358559e-04 2.049111714466348985e+03 2.049111714466348985e+03
5.125186927053331995e-04 2.080925756053724854e+03 2.080925756053724854e+03
5.208548550577665184e-04 2.113204406390095301e+03 2.113204406390095301e+03
5.293266058360561205e-04 2.145990830944832396e+03 2.145990830944832396e+03
5.379361503980697925e-04 2.179254757860024711e+03 2.179254757860024711e+03
5.466857299720180412e-04 2.213041333358346492e+03 2.213041333358346492e+03
5.555776222398877860e-04 2.247318506826886733e+03 2.247318506826886733e+03
5.646141419303672649e-04 2.282133553106475119e+03 2.282133553106475119e+03
5.737976414214132929e-04 2.317452587260110704e+03 2.317452587260110704e+03
5.831305113526218760e-04 2.353325104004467903e+03 2.353325104004467903e+03
5.926151812475552710e-04 2.389715299486342246e+03 2.389715299486342246e+03
6.022541201461927831e-04 2.426674980569912350e+03 2.426674980569912350e+03
6.120498372476702083e-04 2.464166336109870826e+03 2.464166336109870826e+03
6.220048825634710930e-04 2.502243580242967710e+03 2.502243580242967710e+03
6.321218475812448011e-04 2.540866803218126734e+03 2.540866803218126734e+03
6.424033659394190075e-04 2.580092724459679175e+03 2.580092724459679175e+03
6.528521141127847493e-04 2.619879236515943830e+03 2.619879236515943830e+03
6.634708121092349918e-04 2.660285668071641794e+03 2.660285668071641794e+03
6.742622241778341904e-04 2.701267474378050792e+03 2.701267474378050792e+03
6.852291595284056578e-04 2.742886787710242515e+03 2.742886787710242515e+03
6.963744730628222430e-04 2.785096396105064741e+03 2.785096396105064741e+03
7.077010661181889735e-04 2.827961453509065450e+03 2.827961453509065450e+03
7.192118872221193223e-04 2.871432004801855328e+03 2.871432004801855328e+03
7.309099328602910398e-04 2.915576355842325938e+03 2.915576355842325938e+03
7.427982482564911282e-04 2.960341687308130531e+03 2.960341687308130531e+03
7.548799281653430530e-04 3.005799585433907851e+03 3.005799585433907851e+03
7.671581176779302151e-04 3.051894238862011207e+03 3.051894238862011207e+03
7.796360130405236314e-04 3.098700646250717000e+03 3.098700646250717000e+03
7.923168624866253540e-04 3.146159872525292485e+03 3.146159872525292485e+03
8.052039670825469593e-04 3.194350464410908899e+03 3.194350464410908899e+03
8.183006815867389754e-04 3.243210224524724708e+03 3.243210224524724708e+03
8.316104153230961067e-04 3.292821388742147064e+03 3.292821388742147064e+03
8.451366330684721229e-04 3.343118158078194938e+03 3.343118158078194938e+03
8.588828559546249353e-04 3.394186721406172637e+03 3.394186721406172637e+03
8.728526623848370004e-04 3.445957264962905356e+03 3.445957264962905356e+03
8.870496889654402514e-04 3.498520281973983856e+03 3.498520281973983856e+03
9.014776314524917782e-04 3.551801853189524081e+03 3.551801853189524081e+03
9.161402457138521178e-04 3.605896966730043459e+03 3.605896966730043459e+03
9.310413487069074982e-04 3.660727429203647262e+03 3.660727429203647262e+03
9.461848194721992787e-04 3.716392901837037698e+03 3.716392901837037698e+03
9.615746001432096297e-04 3.772810733248137240e+03 3.772810733248137240e+03
9.772146969725724417e-04 3.830085440240943626e+03 3.830085440240943626e+03
9.931091813749799713e-04 3.888129724793499008e+03 3.888129724793499008e+03
1.009262190987047277e-03 3.947053145960540405e+03 3.947053145960540405e+03
1.025677930744421868e-03 4.006763564508590662e+03 4.006763564508590662e+03
1.042360673976401152e-03 4.067375773219353505e+03 4.067375773219353505e+03
1.059314763518369841e-03 4.128792325562740189e+03 4.128792325562740189e+03
1.076544612842315982e-03 4.191133597185066719e+03 4.191133597185066719e+03
1.094054707205742438e-03 4.254296093761089651e+03 4.254296093761089651e+03
1.111849604819271095e-03 4.318406338887521997e+03 4.318406338887521997e+03
1.129933938033221476e-03 4.383354684436908428e+03 4.383354684436908428e+03
1.148312414543510920e-03 4.449274089134560199e+03 4.449274089134560199e+03
1.166989818617147380e-03 4.516048527418141020e+03 4.516048527418141020e+03
1.185971012337669371e-03 4.583817638392730260e+03 4.583817638392730260e+03
1.205260936870842505e-03 4.652458757214871184e+03 4.652458757214871184e+03
1.224864613750930708e-03 4.722118453124145162e+03 4.722118453124145162e+03
1.244787146187906202e-03 4.792667154722070336e+03 4.792667154722070336e+03
1.265033720395903781e-03 4.864258615426207143e+03 4.864258615426207143e+03
1.285609606943295159e-03 4.936756084717479098e+03 4.936756084717479098e+03
1.306520162124721234e-03 5.010320758317223408e+03 5.010320758317223408e+03
1.327770829355428986e-03 5.084808179261655823e+03 5.084808179261655823e+03
1.349367140588306375e-03 5.160387383940139443e+03 5.160387383940139443e+03
1.371314717753945468e-03 5.236905173095428836e+03 5.236905173095428836e+03
1.393619274224142113e-03 5.314539153771685960e+03 5.314539153771685960e+03
1.416286616299198848e-03 5.393127208206508840e+03 5.393127208206508840e+03
1.439322644719406592e-03 5.472855915559559435e+03 5.472855915559559435e+03
1.462733356201129922e-03 5.553553967216454112e+03 5.553553967216454112e+03
1.486524844997857194e-03 5.635417230402812493e+03 5.635417230402812493e+03
1.510703304486653948e-03 5.718264858236436339e+03 5.718264858236436339e+03
1.535275028780422714e-03 5.802302325117802866e+03 5.802302325117802866e+03
1.560246414366369501e-03 5.887338894058169899e+03 5.887338894058169899e+03
1.585623961771137104e-03 5.973589968390115246e+03 5.973589968390115246e+03
1.611414277253019837e-03 6.060854565263981385e+03 6.060854565263981385e+03
1.637624074521687283e-03 6.149358340799201869e+03 6.149358340799201869e+03
1.664260176485903454e-03 6.238889443659505559e+03 6.238889443659505559e+03
1.691329517029648575e-03 6.329684244248961477e+03 6.329684244248961477e+03
1.718839142817145480e-03 6.421518458566892150e+03 6.421518458566892150e+03
1.746796215127245557e-03 6.514640173070331912e+03 6.514640173070331912e+03
1.775208011717634149e-03 6.608812398264012700e+03 6.608812398264012700e+03
1.804081928719382779e-03 6.704295514908257246e+03 6.704295514908257246e+03
1.833425482562290763e-03 6.800839563199955592e+03 6.800839563199955592e+03
1.863246311931559835e-03 6.898717604016459518e+03 6.898717604016459518e+03
1.893552179756295304e-03 6.997666270120404988e+03 6.997666270120404988e+03
1.924350975230330321e-03 7.097971687252275842e+03 7.097971687252275842e+03
1.955650715865949168e-03 7.199356643208486275e+03 7.199356643208486275e+03
1.987459549580983600e-03 7.302120711284337631e+03 7.302120711284337631e+03
2.019785756819878538e-03 7.405972397481305052e+03 7.405972397481305052e+03
2.052637752709252084e-03 7.511225102199813591e+03 7.511225102199813591e+03
2.086024089248502376e-03 7.617572411490163176e+03 7.617572411490163176e+03
2.119953457536071038e-03 7.725342026804026318e+03 7.725342026804026318e+03
2.154434690031884706e-03 7.834210773550693375e+03 7.834210773550693375e+03
2.189476762856620851e-03 7.944521747842534751e+03 7.944521747842534751e+03
2.225088798128369016e-03 8.055934540131573158e+03 8.055934540131573158e+03
2.261280066337276878e-03 8.168808366211454086e+03 8.168808366211454086e+03
2.298059988758850702e-03 8.282785388980435528e+03 8.282785388980435528e+03
2.335438139906479207e-03 8.398241360226356846e+03 8.398241360226356846e+03
2.373424250023866040e-03 8.514800530273698314e+03 8.514800530273698314e+03
2.412028207618006643e-03 8.632855591751083921e+03 8.632855591751083921e+03
2.451260062033337045e-03 8.752012405379840857e+03 8.752012405379840857e+03
2.491130026067788373e-03 8.872680997528250373e+03 8.872680997528250373e+03
2.531648478631355528e-03 8.994448373492044993e+03 8.994448373492044993e+03
2.572825967447932034e-03 9.117742272499801402e+03 9.117742272499801402e+03
2.614673211801091940e-03 9.242130226460008998e+03 9.242130226460008998e+03
2.657201105324503987e-03 9.368058125880372245e+03 9.368058125880372245e+03
2.700420718837772543e-03 9.495071797072108893e+03 9.495071797072108893e+03
2.744343303228364943e-03 9.623636470137489596e+03 9.623636470137489596e+03
2.788980292380439669e-03 9.753275507150028716e+03 9.753275507150028716e+03
2.834343306151309617e-03 9.884474374014620480e+03 9.884474374014620480e+03
2.880444153396298067e-03 1.001673404914535422e+04 1.001673404914535422e+04
2.927294835042816134e-03 1.015056061158766170e+04 1.015056061158766170e+04
2.974907547214440586e-03 1.028543220909948650e+04 1.028543220909948650e+04
3.023294684405776131e-03 1.042187587729441293e+04 1.042187587729441293e+04
3.072468842709003348e-03 1.055934650436463562e+04 1.055934650436463562e+04
3.122442823092857773e-03 1.069839239699549398e+04 1.069839239699549398e+04
3.173229634734976018e-03 1.083844478494466057e+04 1.083844478494466057e+04
3.224842498408442022e-03 1.098007352882386476e+04 1.098007352882386476e+04
3.277294849923382148e-03 1.112268570379514313e+04 1.112268570379514313e+04
3.330600343624588386e-03 1.126687302757045472e+04 1.126687302757045472e+04
3.384772855945982796e-03 1.141201572899627172e+04 1.141201572899627172e+04
3.439826489022924580e-03 1.155872860280868008e+04 1.155872860280868008e+04
3.495775574363275268e-03 1.170636377899800573e+04 1.170636377899800573e+04
3.552634676578139260e-03 1.185556022713796665e+04 1.185556022713796665e+04
3.610418597173337477e-03 1.200564269525760574e+04 1.200564269525760574e+04
3.669142378402494038e-03 1.215727455535564513e+04 1.215727455535564513e+04
3.728821307182833642e-03 1.230975292777191135e+04 1.230975292777191135e+04
3.789470919074668012e-03 1.246376573442222434e+04 1.246376573442222434e+04
3.851107002325568872e-03 1.261858223897082826e+04 1.261858223897082826e+04
3.913745601980383668e-03 1.277491500597620143e+04 1.277491500597620143e+04
3.977403024058036828e-03 1.293200527328171120e+04 1.293200527328171120e+04
4.042095839796306170e-03 1.309059028248842515e+04 1.309059028248842515e+04
4.107840889965646072e-03 1.324988306332368302e+04 1.324988306332368302e+04
4.174655289253134671e-03 1.341064553665439053e+04 1.341064553665439053e+04
4.242556430717776307e-03 1.357205985757374401e+04 1.357205985757374401e+04
4.311561990318228677e-03 1.373491354781075825e+04 1.373491354781075825e+04
4.381689931514190679e-03 1.389835603350244310e+04 1.389835603350244310e+04
4.452958509942654859e-03 1.406320154853861823e+04 1.406320154853861823e+04
4.525386278170165887e-03 1.422856847373137134e+04 1.422856847373137134e+04
4.598992090522438167e-03 1.439529765298195525e+04 1.439529765298195525e+04
4.673795107992463616e-03 1.456247666373834363e+04 1.456247666373834363e+04
4.749814803228499978e-03 1.473097269940620390e+04 1.473097269940620390e+04
4.827070965603182627e-03 1.489984275562672519e+04 1.489984275562672519e+04
4.905583706365045267e-03 1.506998002656504650e+04 1.506998002656504650e+04
4.985373463873893699e-03 1.524041124768946247e+04 1.524041124768946247e+04
5.066461008921268640e-03 1.541205517328037240e+04 1.541205517328037240e+04
5.148867450137492065e-03 1.558390866450089743e+04 1.558390866450089743e+04
5.232614239486661420e-03 1.575691551381846512e+04 1.575691551381846512e+04
5.317723177850971691e-03 1.593003996159793678e+04 1.593003996159793678e+04
5.404216420705914431e-03 1.610425133624281079e+04 1.610425133624281079e+04
5.492116483887789224e-03 1.627847805574006088e+04 1.627847805574006088e+04
5.581446249454961352e-03 1.645371621151554064e+04 1.645371621151554064e+04
5.672228971644543982e-03 1.662886197926228851e+04 1.662886197926228851e+04
5.764488282925879677e-03 1.680493759734427294e+04 1.680493759734427294e+04
5.858248200152535966e-03 1.698080820008317096e+04 1.698080820008317096e+04
5.953533130814370189e-03 1.715752124463422297e+04 1.715752124463422297e+04
6.050367879391217903e-03 1.733391182022107023e+04 1.733391182022107023e+04
6.148777653810022850e-03 1.751105154929545097e+04 1.751105154929545097e+04
6.248788072006894283e-03 1.768774661978264703e+04 1.768774661978264703e+04
6.350425168595961664e-03 1.786509163846532101e+04 1.786509163846532101e+04
6.453715401646701634e-03 1.804186517137902774e+04 1.804186517137902774e+04
6.558685659571428586e-03 1.821918350434344757e+04 1.821918350434344757e+04
6.665363268124913435e-03 1.839579388062349972e+04 1.839579388062349972e+04
6.773775997517751668e-03 1.857283439212758458e+04 1.857283439212758458e+04
6.883952069645496441e-03 1.874901298696955928e+04 1.874901298696955928e+04
6.995920165435374691e-03 1.892549181465365837e+04 1.892549181465365837e+04
7.109709432312431160e-03 1.910094755606537365e+04 1.910094755606537365e+04
7.225349491787214085e-03 1.927656525301333386e+04 1.927656525301333386e+04
7.342870447166765027e-03 1.945099357674877683e+04 1.945099357674877683e+04
7.462302891391107279e-03 1.962543855604276177e+04 1.962543855604276177e+04
7.583677914997191336e-03 1.979852304964150972e+04 1.979852304964150972e+04
7.707027114212295846e-03 1.997147200368989070e+04 1.997147200368989070e+04
7.832382599179196422e-03 2.014288486477391052e+04 2.014288486477391052e+04
7.959777002314986222e-03 2.031400326495334593e+04 2.031400326495334593e+04
8.089243486805938743e-03 2.048340584020957249e+04 2.048340584020957249e+04
8.220815755240539618e-03 2.065234851897245971e+04 2.065234851897245971e+04
8.354528058382862735e-03 2.081938698596143149e+04 2.081938698596143149e+04
8.490415204088745324e-03 2.098579022360119052e+04 2.098579022360119052e+04
8.628512566366895731e-03 2.115007950770142997e+04 2.115007950770142997e+04
8.768856094587426653e-03 2.131353874178453771e+04 2.131353874178453771e+04
8.911482322840200837e-03 2.147466638880886239e+04 2.147466638880886239e+04
9.056428379445292942e-03 2.163475928192864740e+04 2.163475928192864740e+04
9.203731996618219960e-03 2.179229952284743194e+04 2.179229952284743194e+04
9.353431520292386156e-03 2.194859366700284954e+04 2.194859366700284954e+04
9.505565920101190225e-03 2.210211135642705267e+04 2.210211135642705267e+04
9.660174799522644809e-03 2.225416549290937110e+04 2.225416549290937110e+04
9.817298406188839852e-03 2.240321738502228254e+04 2.240321738502228254e+04
9.976977642363200546e-03 2.255058274986363176e+04 2.255058274986363176e+04
1.013925407558815238e-02 2.269471889849449144e+04 2.269471889849449144e+04
1.030416994950587514e-02 2.283694069295245208e+04 2.283694069295245208e+04
1.047176819485520251e-02 2.297569960578044265e+04 2.297569960578044265e+04
1.064209244064724495e-02 2.311230725712815183e+04 2.311230725712815183e+04
1.081518702552288110e-02 2.324518501165254565e+04 2.324518501165254565e+04
1.099109700929497106e-02 2.337564450496816789e+04 2.337564450496816789e+04
1.116986818467822704e-02 2.350209627681412167e+04 2.350209627681412167e+04
1.135154708920999012e-02 2.362584980731200267e+04 2.362584980731200267e+04
1.153618101736478621e-02 2.374531902088057905e+04 2.374531902088057905e+04
1.172381803286598641e-02 2.386180649243026346e+04 2.386180649243026346e+04
1.191450698119776025e-02 2.397373568144238743e+04 2.397373568144238743e+04
1.210829750232039412e-02 2.408239739707021727e+04 2.408239739707021727e+04
1.230524004359261590e-02 2.418623095897930398e+04 2.418623095897930398e+04
1.250538587290391315e-02 2.428651047558186474e+04 2.428651047558186474e+04
1.270878709202058129e-02 2.438169758883997929e+04 2.438169758883997929e+04
1.291549665014883955e-02 2.447304473553449498e+04 2.447304473553449498e+04
1.312556835771842671e-02 2.455903830192210808e+04 2.455903830192210808e+04
1.333905690039058692e-02 2.464090481422226003e+04 2.464090481422226003e+04
1.355601785329368925e-02 2.471713281661242218e+04 2.471713281661242218e+04
1.377650769549053529e-02 2.478892344673495609e+04 2.478892344673495609e+04
1.400058382468097502e-02 2.485478540350841649e+04 2.485478540350841649e+04
1.422830457214351897e-02 2.491589149520036517e+04 2.491589149520036517e+04
1.445972921792019507e-02 2.497079073004447491e+04 2.497079073004447491e+04
1.469491800624817164e-02 2.502062199119821162e+04 2.502062199119821162e+04
1.493393216124251806e-02 2.506398245825355480e+04 2.506398245825355480e+04
1.517683390283405473e-02 2.510197162402045069e+04 2.510197162402045069e+04
1.542368646296627538e-02 2.513324250378960278e+04 2.513324250378960278e+04
1.567455410205595076e-02 2.515884994637310228e+04 2.515884994637310228e+04
1.592950212572123020e-02 2.517751025817642585e+04 2.517751025817642585e+04
1.618859690178197502e-02 2.519022866965076537e+04 2.519022866965076537e+04
1.645190587753662254e-02 2.519578992852610099e+04 2.519578992852610099e+04
1.671949759731989824e-02 2.519514527936756713e+04 2.519514527936756713e+04
1.699144172034625783e-02 2.518713199918796090e+04 2.518713199918796090e+04
1.726780903884355886e-02 2.517264607796429118e+04 2.517264607796429118e+04
1.754867149648150354e-02 2.515058930682211940e+04 2.515058930682211940e+04
1.783410220710007765e-02 2.512180003980822221e+04 2.512180003980822221e+04
1.812417547374237450e-02 2.508526560508404509e+04 2.508526560508404509e+04
1.841896680799710515e-02 2.504176271869779157e+04 2.504176271869779157e+04
1.871855294965579092e-02 2.499037089734526671e+04 2.499037089734526671e+04
1.902301188668943654e-02 2.493180180061520150e+04 2.493180180061520150e+04
1.933242287555045000e-02 2.486523275989690228e+04 2.486523275989690228e+04
1.964686646180446514e-02 2.479130765823269030e+04 2.479130765823269030e+04
1.996642450109793396e-02 2.470930639659545341e+04 2.470930639659545341e+04
2.029118018046677935e-02 2.461980313190153174e+04 2.461980313190153174e+04
2.062121803999142355e-02 2.452218667315143102e+04 2.452218667315143102e+04
2.095662399480432980e-02 2.441696013546582253e+04 2.441696013546582253e+04
2.129748535745520921e-02 2.430367352623097759e+04 2.430367352623097759e+04
2.164389086064020043e-02 2.418275501372819781e+04 2.418275501372819781e+04
2.199593068030074663e-02 2.405391429019374846e+04 2.405391429019374846e+04
2.235369645909794298e-02 2.391750332673763114e+04 2.391750332673763114e+04
2.271728133026905058e-02 2.377334388419032257e+04 2.377334388419032257e+04
2.308677994187169694e-02 2.362171539636542002e+04 2.362171539636542002e+04
2.346228848142262527e-02 2.346254558419546811e+04 2.346254558419546811e+04
2.384390470093720668e-02 2.329604600077947180e+04 2.329604600077947180e+04
2.423172794237598085e-02 2.312224488254361859e+04 2.312224488254361859e+04
2.462585916350546605e-02 2.294129138326843167e+04 2.294129138326843167e+04
2.502640096417919208e-02 2.275330771081368584e+04 2.275330771081368584e+04
2.543345761304648123e-02 2.255838688675850790e+04 2.255838688675850790e+04
2.584713507469563881e-02 2.235674209625176081e+04 2.235674209625176081e+04
2.626754103723835665e-02 2.214841710735041124e+04 2.214841710735041124e+04
2.669478494034320526e-02 2.193388222029300232e+04 2.193388222029300232e+04
2.712897800372467139e-02 2.171313627442414872e+04 2.171313627442414872e+04
2.757023325609582465e-02 2.148693409005933790e+04 2.148693409005933790e+04
2.801866556459195121e-02 2.125523845496620925e+04 2.125523845496620925e+04
2.847439166467244723e-02 2.101883831534781712e+04 2.101883831534781712e+04
2.893753019050950351e-02 2.077767567688851341e+04 2.077767567688851341e+04
2.940820170587063812e-02 2.053253640506217562e+04 2.053253640506217562e+04
2.988652873550382699e-02 2.028335646350625393e+04 2.028335646350625393e+04
3.037263579703311511e-02 2.003089940557228329e+04 2.003089940557228329e+04
3.086664943337274689e-02 1.977510886471414051e+04 1.977510886471414051e+04
3.136869824566876352e-02 1.951670859820127225e+04 1.951670859820127225e+04
3.187891292677645649e-02 1.925566246593072356e+04 1.925566246593072356e+04
3.239742629528195167e-02 1.899264148050728545e+04 1.899264148050728545e+04
3.292437333007768724e-02 1.872764111072588275e+04 1.872764111072588275e+04
3.345989120549974771e-02 1.846149337450939856e+04 1.846149337450939856e+04
3.400411932703705647e-02 1.819424379927627524e+04 1.819424379927627524e+04
3.455719936762139538e-02 1.792700070207185854e+04 1.792700070207185854e+04
3.511927530450727891e-02 1.765988828707719222e+04 1.765988828707719222e+04
3.569049345675229246e-02 1.739385503165159389e+04 1.739385503165159389e+04
3.627100252330647812e-02 1.712911800529086395e+04 1.712911800529086395e+04
3.686095362172157885e-02 1.686640993700552644e+04 1.686640993700552644e+04
3.746050032748993175e-02 1.660604973716785753e+04 1.660604973716785753e+04
3.806979871402283583e-02 1.634855051872961303e+04 1.634855051872961303e+04
3.868900739327975347e-02 1.609433877345089786e+04 1.609433877345089786e+04
3.931828755705769896e-02 1.584370927473957272e+04 1.584370927473957272e+04
3.995780301895269365e-02 1.559719898517480215e+04 1.559719898517480215e+04
4.060772025700365440e-02 1.535489080036817541e+04 1.535489080036817541e+04
4.126820845702951907e-02 1.511743268991655350e+04 1.511743268991655350e+04
4.193943955667186335e-02 1.488471744246532398e+04 1.488471744246532398e+04
4.262158829015324363e-02 1.465750382211284887e+04 1.465750382211284887e+04
4.331483223376398489e-02 1.443550041288829561e+04 1.443550041288829561e+04
4.401935185208874501e-02 1.421957485654545235e+04 1.421957485654545235e+04
4.473533054498463751e-02 1.400925259437986278e+04 1.400925259437986278e+04
4.546295469532399963e-02 1.380550601796993033e+04 1.380550601796993033e+04
4.620241371751312998e-02 1.360769266876663096e+04 1.360769266876663096e+04
4.695390010680058207e-02 1.341688482974484032e+04 1.341688482974484032e+04
4.771760948938745528e-02 1.323220316943947546e+04 1.323220316943947546e+04
4.849374067335232574e-02 1.305480357571720378e+04 1.305480357571720378e+04
4.928249570040513228e-02 1.288320264615089764e+04 1.288320264615089764e+04
5.008407989848211866e-02 1.271856660646990349e+04 1.271856660646990349e+04
5.089870193519679953e-02 1.255925589933717674e+04 1.255925589933717674e+04
5.172657387216018920e-02 1.240641759350449502e+04 1.240641759350449502e+04
5.256791122018424078e-02 1.225840758792903216e+04 1.225840758792903216e+04
5.342293299538351803e-02 1.211634049186964148e+04 1.211634049186964148e+04
5.429186177618942205e-02 1.197824605400620385e+04 1.197824605400620385e+04
5.517492376129123216e-02 1.184513691966573788e+04 1.184513691966573788e+04
5.607234882852032282e-02 1.171504833767324089e+04 1.171504833767324089e+04
5.698437059469142058e-02 1.158886008852510713e+04 1.158886008852510713e+04
5.791122647641758214e-02 1.146445187534602337e+04 1.146445187534602337e+04
5.885315775191450605e-02 1.134250253206983507e+04 1.134250253206983507e+04
5.981040962380938103e-02 1.122089096104171222e+04 1.122089096104171222e+04
6.078323128297230538e-02 1.110003825837032491e+04 1.110003825837032491e+04
6.177187597338494596e-02 1.097807979529928343e+04 1.097807979529928343e+04
6.277660105806499857e-02 1.085515975901262027e+04 1.085515975901262027e+04
6.379766808606282535e-02 1.072970361223177497e+04 1.072970361223177497e+04
6.483534286054720708e-02 1.060156369673323752e+04 1.060156369673323752e+04
6.588989550799949357e-02 1.046941791342705255e+04 1.046941791342705255e+04
6.696160054853221577e-02 1.033280150778679126e+04 1.033280150778679126e+04
6.805073696735206012e-02 1.019101318817303763e+04 1.019101318817303763e+04
6.915758828738524655e-02 1.004332650603117872e+04 1.004332650603117872e+04
7.028244264308346201e-02 9.889672889249945001e+03 9.889672889249945001e+03
7.142559285543126357e-02 9.729143784711657645e+03 9.729143784711657645e+03
7.258733650817252026e-02 9.562112943554491721e+03 9.562112943554491721e+03
7.376797602527729314e-02 9.387550087550613171e+03 9.387550087550613171e+03
7.496781874966876313e-02 9.206617524961768140e+03 9.206617524961768140e+03
7.618717702322991281e-02 9.018337185190219316e+03 9.018337185190219316e+03
7.742636826811269413e-02 8.824294880125360578e+03 8.824294880125360578e+03
7.868571506936851423e-02 8.623700791738099724e+03 8.623700791738099724e+03
7.996554525892346499e-02 8.418453492036082025e+03 8.418453492036082025e+03
8.126619200091944606e-02 8.208104482455286416e+03 8.208104482455286416e+03
8.258799387844263651e-02 7.994971657148808845e+03 7.994971657148808845e+03
8.393129498166364277e-02 7.779187260699780381e+03 7.779187260699780381e+03
8.529644499741025065e-02 7.562803497982271438e+03 7.562803497982271438e+03
8.668379930019773361e-02 7.346651420226565278e+03 7.346651420226565278e+03
8.809371904473990711e-02 7.132205451712748982e+03 7.132205451712748982e+03
8.952657125996392462e-02 6.921056934819978778e+03 6.921056934819978778e+03
9.098272894455558535e-02 6.713952501445012786e+03 6.713952501445012786e+03
9.246257116405742771e-02 6.513276743908835670e+03 6.513276743908835670e+03
9.396648314954690606e-02 6.318811606308453520e+03 6.318811606308453520e+03
9.549485639791965852e-02 6.133697559025558803e+03 6.133697559025558803e+03
9.704808877380305399e-02 5.956463896544843010e+03 5.956463896544843010e+03
9.862658461312820424e-02 5.790850685160938156e+03 5.790850685160938156e+03
1.002307548283864341e-01 5.634125146657852383e+03 5.634125146657852383e+03
1.018610170155975214e-01 5.490399215344070399e+03 5.490399215344070399e+03
1.035177955630176283e-01 5.355801617785916278e+03 5.355801617785916278e+03
1.052015217616159015e-01 5.234535231916051998e+03 5.234535231916051998e+03
1.069126339173477047e-01 5.121763570149530096e+03 5.121763570149530096e+03
1.086515774652537236e-01 5.021442592659301226e+03 5.021442592659301226e+03
1.104188050854160164e-01 4.928165096456215906e+03 4.928165096456215906e+03
1.122147768207980151e-01 4.845307409065871980e+03 4.845307409065871980e+03
1.140399601970032983e-01 4.767288530037656528e+03 4.767288530037656528e+03
1.158948303439811811e-01 4.696583438213734553e+03 4.696583438213734553e+03
1.177798701197118048e-01 4.627949606088144719e+03 4.627949606088144719e+03
1.196955702359042695e-01 4.562705374775360724e+03 4.562705374775360724e+03
1.216424293857368000e-01 4.496590835654085822e+03 4.496590835654085822e+03
1.236209543736769140e-01 4.429670171399521678e+03 4.429670171399521678e+03
1.256316602474121524e-01 4.359176051773547442e+03 4.359176051773547442e+03
1.276750704319264407e-01 4.284001550548718114e+03 4.284001550548718114e+03
1.297517168657586761e-01 4.203437460388478030e+03 4.203437460388478030e+03
1.318621401394748371e-01 4.115588309238204602e+03 4.115588309238204602e+03
1.340068896363950657e-01 4.021669656637784556e+03 4.021669656637784556e+03
1.361865236756082675e-01 3.919514150800534480e+03 3.919514150800534480e+03
1.384016096573130183e-01 3.812174553865021153e+03 3.812174553865021153e+03
1.406527242105236331e-01 3.697953955762992791e+03 3.697953955762992791e+03
1.429404533431760937e-01 3.580804988036537907e+03 3.580804988036537907e+03
1.452653925946781055e-01 3.460176919256487963e+03 3.460176919256487963e+03
1.476281471909390852e-01 3.339579989487929197e+03 3.339579989487929197e+03
1.500293322019216613e-01 3.219975827704522089e+03 3.219975827704522089e+03
1.524695727017572888e-01 3.103552542640680713e+03 3.103552542640680713e+03
1.549495039314631450e-01 2.992897308135410640e+03 2.992897308135410640e+03
1.574697714643086555e-01 2.887879629909108189e+03 2.887879629909108189e+03
1.600310313738701751e-01 2.792362787355285491e+03 2.792362787355285491e+03
1.626339504048190387e-01 2.703693006017549123e+03 2.703693006017549123e+03
1.652792061464893880e-01 2.626347906623436756e+03 2.626347906623436756e+03
1.679674872092652982e-01 2.555557743806405597e+03 2.555557743806405597e+03
1.706994934038407741e-01 2.495589682276010535e+03 2.495589682276010535e+03
1.734759359233932485e-01 2.440401506038910156e+03 2.440401506038910156e+03
1.762975375287203772e-01 2.393209973391699350e+03 2.393209973391699350e+03
1.791650327363899509e-01 2.348150061123190426e+03 2.348150061123190426e+03
1.820791680099462517e-01 2.306875476854458157e+03 2.306875476854458157e+03
1.850407019542302245e-01 2.264751454195120459e+03 2.264751454195120459e+03
1.880504055128583429e-01 2.221662371986206836e+03 2.221662371986206836e+03
1.911090621689136015e-01 2.175301433051511140e+03 2.175301433051511140e+03
1.942174681489024224e-01 2.124111629750613702e+03 2.124111629750613702e+03
1.973764326300255223e-01 2.068968661413124210e+03 2.068968661413124210e+03
2.005867779508233861e-01 2.007941080116041121e+03 2.007941080116041121e+03
2.038493398252464173e-01 1.944306025598063798e+03 1.944306025598063798e+03
2.071649675602066643e-01 1.877032935996087645e+03 1.877032935996087645e+03
2.105345242766703817e-01 1.809691337172826934e+03 1.809691337172826934e+03
2.139588871343421350e-01 1.742921820470599641e+03 1.742921820470599641e+03
2.174389475600079780e-01 1.678482406955303077e+03 1.678482406955303077e+03
2.209756114795903281e-01 1.618595577021775853e+03 1.618595577021775853e+03
2.245697995539771563e-01 1.562485644661182050e+03 1.562485644661182050e+03
2.282224474186896057e-01 1.513318801338188223e+03 1.513318801338188223e+03
2.319345059274427467e-01 1.467968708250152076e+03 1.467968708250152076e+03
2.357069413996727703e-01 1.429579660962066555e+03 1.429579660962066555e+03
2.395407358720879343e-01 1.393552245891133452e+03 1.393552245891133452e+03
2.434368873543112932e-01 1.361961253822085837e+03 1.361961253822085837e+03
2.473964100886811845e-01 1.330517087843837089e+03 1.330517087843837089e+03
2.514203348142796668e-01 1.299682237424567575e+03 1.299682237424567575e+03
2.555097090352507205e-01 1.267367067615499082e+03 1.267367067615499082e+03
2.596655972934872603e-01 1.232851534060553604e+03 1.232851534060553604e+03
2.638890814457512946e-01 1.196598744766412437e+03 1.196598744766412437e+03
2.681812609453012586e-01 1.157726973001451142e+03 1.157726973001451142e+03
2.725432531281027360e-01 1.118265157929908582e+03 1.118265157929908582e+03
2.769761935036890721e-01 1.078234969894118422e+03 1.078234969894118422e+03
2.814812360507581435e-01 1.039329393414086553e+03 1.039329393414086553e+03
2.860595535175744497e-01 1.002908925505595562e+03 1.002908925505595562e+03
2.907123377272575193e-01 9.685681985000416034e+02 9.685681985000416034e+02
2.954407998880379527e-01 9.384016254617403092e+02 9.384016254617403092e+02
3.002461709085549324e-01 9.099285015171328723e+02 9.099285015171328723e+02
3.051297017182870719e-01 8.848943535998848802e+02 8.848943535998848802e+02
3.100926635931929853e-01 8.603862536519025070e+02 8.603862536519025070e+02
3.151363484866475662e-01 8.371613908355709555e+02 8.371613908355709555e+02
3.202620693657650119e-01 8.134293581390801364e+02 8.134293581390801364e+02
3.254711605531848129e-01 7.890760467578319322e+02 7.890760467578319322e+02
3.307649780744242318e-01 7.641409401733141067e+02 7.641409401733141067e+02
3.361449000108768237e-01 7.384597222579333220e+02 7.384597222579333220e+02
3.416123268585524730e-01 7.129693388113790888e+02 7.129693388113790888e+02
3.471686818926559281e-01 6.881902139494563926e+02 6.881902139494563926e+02
3.528154115380882638e-01 6.643187215541072419e+02 6.643187215541072419e+02
3.585539857459817403e-01 6.425052266152105176e+02 6.425052266152105176e+02
3.643858983763548220e-01 6.215939169041486139e+02 6.215939169041486139e+02
3.703126675869923279e-01 6.027093216612549895e+02 6.027093216612549895e+02
3.763358362286532977e-01 5.841283013481968283e+02 5.841283013481968283e+02
3.824569722466998889e-01 5.664052486059042621e+02 5.664052486059042621e+02
3.886776690892667641e-01 5.485602364836918241e+02 5.485602364836918241e+02
3.949995461220646709e-01 5.307437136073251622e+02 5.307437136073251622e+02
4.014242490499317362e-01 5.129288989779164467e+02 5.129288989779164467e+02
4.079534503452448835e-01 4.953879815289310500e+02 4.953879815289310500e+02
4.145888496832911274e-01 4.782245016353073197e+02 4.782245016353073197e+02
4.213321743847288636e-01 4.620748503883988292e+02 4.620748503883988292e+02
4.281851798652415164e-01 4.463802331361492293e+02 4.463802331361492293e+02
4.351496500925045030e-01 4.318431424317242886e+02 4.318431424317242886e+02
4.422273980505896929e-01 4.175567456554174441e+02 4.175567456554174441e+02
4.494202662119142211e-01 4.040055405588299777e+02 4.040055405588299777e+02
4.567301270168746541e-01 3.905100327274023471e+02 3.905100327274023471e+02
4.641588833612781961e-01 3.773483782386907137e+02 3.773483782386907137e+02
4.717084690917012768e-01 3.643072735424835287e+02 3.643072735424835287e+02
4.793808495089106891e-01 3.517307600268870260e+02 3.517307600268870260e+02
4.871780218794631301e-01 3.394048372802534459e+02 3.394048372802534459e+02
4.951020159556351330e-01 3.278072299423616300e+02 3.278072299423616300e+02
5.031548945038056830e-01 3.164325901637175207e+02 3.164325901637175207e+02
5.113387538414321254e-01 3.057205298780197609e+02 3.057205298780197609e+02
5.196557243827657491e-01 2.951098346319619168e+02 2.951098346319619168e+02
5.281079711934330012e-01 2.848992622688987808e+02 2.848992622688987808e+02
5.366976945540475885e-01 2.748088365202727914e+02 2.748088365202727914e+02
5.454271305329836395e-01 2.651545275177015242e+02 2.651545275177015242e+02
5.542985515684663023e-01 2.556523432673291438e+02 2.556523432673291438e+02
5.633142670601352098e-01 2.466498938036413620e+02 2.466498938036413620e+02
5.724766239702178128e-01 2.377848848883013488e+02 2.377848848883013488e+02
5.817880074344934371e-01 2.293820011881086316e+02 2.293820011881086316e+02
5.912508413831880638e-01 2.210758810324010142e+02 2.210758810324010142e+02
6.008675891719680306e-01 2.131378801339288032e+02 2.131378801339288032e+02
6.106407542232036301e-01 2.053060749037521191e+02 2.053060749037521191e+02
6.205728806776500406e-01 1.978588483346881617e+02 1.978588483346881617e+02
6.306665540567405470e-01 1.905177132436187151e+02 1.905177132436187151e+02
6.409244019356457045e-01 1.835561511470190226e+02 1.835561511470190226e+02
6.513490946272796345e-01 1.766829933850638099e+02 1.766829933850638099e+02
6.619433458774387491e-01 1.701449738131524896e+02 1.701449738131524896e+02
6.727099135712336642e-01 1.636891948567542272e+02 1.636891948567542272e+02
6.836516004510237998e-01 1.575503343715630535e+02 1.575503343715630535e+02
6.947712548460239779e-01 1.514919367617271178e+02 1.514919367617271178e+02
7.060717714137765277e-01 1.457422180113039758e+02 1.457422180113039758e+02
7.175560918936921828e-01 1.400671169837748948e+02 1.400671169837748948e+02
7.292272058728312967e-01 1.346830236404843504e+02 1.346830236404843504e+02
7.410881515641569717e-01 1.293670056256637224e+02 1.293670056256637224e+02
7.531420165974376246e-01 1.243227298884696523e+02 1.243227298884696523e+02
7.653919388230155940e-01 1.193416543279316215e+02 1.192210628379518340e+02
7.778411071286481793e-01 1.146170124707374072e+02 1.144945989026893329e+02
7.904927622696419354e-01 1.099517464939482210e+02 1.098275221635393706e+02
8.033501977124734017e-01 1.055301126890169741e+02 1.054040834172949133e+02
8.164167604921471755e-01 1.011643343634299015e+02 1.010366782932458705e+02
8.296958520834915030e-01 9.703011831647853569e+01 9.690061881913662489e+01
8.431909292866250905e-01 9.294854030493634411e+01 9.281743499374346129e+01
8.569055051268347212e-01 8.908719258089834625e+01 8.895446165710521313e+01
8.708431497690723999e-01 8.527547747831974334e+01 8.514112452806978126e+01
8.850074914473438081e-01 8.167318524626790577e+01 8.153721630416632138e+01
8.994022174092053401e-01 7.811771089141225843e+01 7.798038710772716797e+01
9.140310748756222958e-01 7.476133179668812545e+01 7.462238348917129827e+01
9.288978720164496883e-01 7.144989380801092693e+01 7.130960241787541065e+01
9.440064789417602631e-01 6.832956190723237455e+01 6.818793285699764795e+01
9.593608287093147169e-01 6.525308469591145411e+01 6.511012667516483532e+01
9.749649183484097037e-01 6.236169145855466667e+01 6.221738381001319595e+01
9.908228099003787426e-01 5.951270378568894870e+01 5.936735584816506872e+01
1.006938631476027135e+00 5.684182921432733337e+01 5.669514935517159415e+01
1.023316578330244919e+00 5.421157113628126467e+01 5.406384284407799612e+01
1.039960913954120381e+00 5.175157458112343534e+01 5.160276499911717707e+01
1.056875971184805030e+00 4.933022243634707849e+01 4.918040615080737155e+01
1.074066153333432139e+00 4.707081467221996007e+01 4.691988787975896003e+01
1.091535935331391149e+00 4.484896877685762462e+01 4.469726205966244237e+01
1.109289864895222744e+00 4.278308422669859112e+01 4.263029451973525852e+01
1.127332563710487179e+00 4.075402537042509010e+01 4.060040299493896043e+01
1.145668728634872569e+00 3.887584411833299924e+01 3.872128400432767847e+01
1.164303132920875505e+00 3.703312589460985293e+01 3.687774269135412197e+01
1.183240627458377991e+00 3.533451830593026699e+01 3.517807333097118772e+01
1.202486142037412220e+00 3.366955006374828230e+01 3.351236083224205942e+01
1.222044686631488686e+00 3.214070193307178869e+01 3.198241009755828657e+01
1.241921352701784498e+00 3.064337838053551977e+01 3.048416906354567502e+01
1.262121314522546056e+00 2.927343597082933613e+01 2.911310733329377953e+01
1.282649830528059809e+00 2.793274968120214652e+01 2.777143079990979757e+01
1.303512244681508836e+00 2.671034594629879422e+01 2.654765911505307940e+01
1.324713987866117382e+00 2.551404320594720687e+01 2.535027370895525323e+01
1.346260579298911075e+00 2.442455121511657268e+01 2.425930732318055760e+01
1.368157627967470313e+00 2.335619185406596543e+01 2.318959481030294256e+01
1.390410834090069603e+00 2.237824174708018887e+01 2.221007517406216891e+01
1.413025990599533488e+00 2.141707134370706811e+01 2.124751106965304714e+01
1.436008984651260700e+00 2.053188136981659895e+01 2.036055816023088738e+01
1.459365799155757815e+00 1.965998156240994277e+01 1.948720749976753552e+01
1.483102514336102962e+00 1.885231026437747559e+01 1.867784480628361266e+01
1.507225309310755490e+00 1.805513871076625065e+01 1.787909617369863113e+01
1.531740463702079724e+00 1.731263641860804725e+01 1.713491532721888433e+01
1.556654359271061994e+00 1.657841600316515596e+01 1.639928906112065832e+01
1.581973481578601515e+00 1.589111999950628373e+01 1.571028445348234648e+01
1.607704421673821882e+00 1.521036203973364564e+01 1.502819500066462055e+01
1.633853877809860355e+00 1.457029924278995381e+01 1.438671867818851879e+01
1.660428657187529522e+00 1.393571523688473057e+01 1.375086120055209093e+01
1.687435677727375571e+00 1.333772928008435521e+01 1.315159987012165921e+01
1.714881969870540868e+00 1.274530467108562171e+01 1.255828384284359345e+01
1.742774678408917310e+00 1.218886730799635387e+01 1.200064782037399347e+01
1.771121064345086760e+00 1.163814647898531618e+01 1.144915556080905361e+01
1.799928506782476401e+00 1.112300921452059832e+01 1.093318258429537160e+01
1.829204504846293711e+00 1.061359947265237125e+01 1.042306720833922640e+01
1.858956679635688225e+00 1.013891001593329833e+01 9.947588035956028918e+00
1.889192776207664348e+00 9.669844741559989743e+00 9.478175395779926404e+00
1.919920665593283005e+00 9.234275351320968994e+00 9.041839220714424030e+00
1.951148346846616422e+00 8.804139291110804066e+00 8.611369390923851341e+00
1.982883949127071554e+00 8.406002941722476862e+00 8.212759325791893161e+00
2.015135733815558439e+00 8.013045064554216168e+00 7.819491372496541359e+00
2.047912096665083226e+00 7.650398108900883898e+00 7.456333884502423182e+00
2.081221569986337006e+00 7.292590598694165038e+00 7.098457951423377210e+00
2.115072824868794665e+00 6.963152168312954693e+00 6.768509038070832595e+00
2.149474673437980154e+00 6.638015866154099776e+00 6.443253165097081236e+00
2.184436071149428393e+00 6.338689806480137356e+00 6.143614654443021017e+00
2.219966119119952452e+00 6.043134565654474599e+00 5.847970677995612654e+00
2.256074066496859043e+00 5.770893155242553085e+00 5.575378935733792396e+00
2.292769312865648779e+00 5.501961372871772227e+00 5.306547903852916193e+00
2.330061410696924629e+00 5.254123288210205800e+00 5.058428229773473284e+00
2.367960067833078330e+00 5.009194068073626660e+00 4.813581915669524314e+00
2.406475150015421782e+00 4.783380659611775165e+00 4.587668568519956303e+00
2.445616683452443763e+00 4.560127471832785773e+00 4.364603793358152295e+00
2.485394857429798154e+00 4.354224874994889305e+00 4.158602886999196890e+00
2.525820026962784404e+00 4.150578861586746271e+00 3.955320747774959234e+00
2.566902715491951703e+00 3.962705196526161711e+00 3.767488262041613023e+00
2.608653617622550325e+00 3.776827221446431793e+00 3.581996018877757315e+00
2.651083601908536203e+00 3.605321263077573501e+00 3.410698799256352665e+00
2.694203713681882384e+00 3.435608690591123171e+00 3.241541658423171324e+00
2.738025177927857712e+00 3.279099802466745039e+00 3.085272861273367973e+00
2.782559402207125832e+00 3.124212095896674590e+00 2.931092603297144716e+00
2.827817979625343980e+00 2.981488263393959226e+00 2.788789381853734817e+00
2.873812691851063583e+00 2.840227351347495155e+00 2.648271962483888409e+00
2.920555512182745339e+00 2.710160086351462549e+00 2.518751854606092522e+00
2.968058608665602449e+00 2.581410590775852221e+00 2.390938292979990720e+00
3.016334347259197468e+00 2.462950923300734729e+00 2.273059830277135429e+00
3.065395295056529967e+00 2.345676211198592931e+00 2.156828811989015104e+00
3.115254223555484536e+00 2.237850884908560545e+00 2.049781349750319226e+00
3.165924111983520639e+00 2.131089262496196568e+00 1.944099090563747634e+00
3.217418150676371269e+00 2.032996851387570025e+00 1.846871163883160083e+00
3.269749744511767808e+00 1.935857385126202423e+00 1.751011870256824254e+00
3.322932516398974911e+00 1.846662938015667832e+00 1.662716673247566002e+00
3.376980310825087539e+00 1.758317613368919119e+00 1.575720589715309261e+00
3.431907197459042269e+00 1.677235318542652509e+00 1.495740675137803510e+00
3.487727474814177331e+00 1.596906923871293849e+00 1.416797307033569098e+00
3.544455673970435594e+00 1.523208110146315963e+00 1.344258040687643430e+00
3.602106562357073827e+00 1.450178088412049870e+00 1.272816125732682657e+00
3.660695147596898735e+00 1.383198369136935613e+00 1.207036395340829182e+00
3.720236681413065849e+00 1.316811451306989511e+00 1.142281369401103808e+00
3.780746663599348967e+00 1.255945332842199225e+00 1.082815476579688241e+00
3.842240846055060999e+00 1.195604207142783482e+00 1.024149378104167729e+00
3.904735236885564120e+00 1.140299964838499491e+00 9.702857827369467669e-01
3.968246104569478128e+00 1.085460245089830966e+00 9.173003322674568860e-01
4.032789982193705214e+00 1.035215234906648352e+00 8.685523858058675772e-01
4.098383671757261482e+00 9.853808853814146618e-01 8.206095331205709442e-01
4.165044248545185290e+00 9.397374060650108829e-01 7.766218067033063832e-01
4.232789065573552278e+00 8.944571327633601410e-01 7.332918186353283296e-01
4.301635758106789886e+00 8.530009845068169394e-01 6.935315092978278084e-01
4.371602248248501965e+00 8.118661118788920161e-01 6.544773714220042393e-01
4.442706749606882610e+00 7.742215674591249597e-01 6.185941545155718702e-01
4.514967772036102112e+00 7.368608223373194210e-01 5.833461618045573394e-01
4.588404126454761034e+00 7.026846116821828803e-01 5.510435198971991300e-01
4.663034929742726042e+00 6.687587278034918814e-01 5.192896534742982295e-01
4.738879609717650432e+00 6.377373262028872558e-01 4.901747723151057556e-01
4.815957910192350866e+00 6.069363899105990612e-01 4.616309714303195588e-01
4.894289896114531579e+00 5.787836014796999828e-01 4.354460964135701828e-01
4.973895958790067517e+00 5.508246698069025893e-01 4.097658797028999045e-01
5.054796821191235523e+00 5.252793865853698785e-01 3.862599310117471041e-01
5.137013543351338640e+00 4.999042786489344969e-01 3.632123215386859894e-01
5.220567527846974976e+00 4.767284065378583069e-01 3.420978840654563258e-01
5.305480525369573819e+00 4.537016669199393504e-01 3.214448268350727500e-01
5.391774640387505535e+00 4.326782505886495045e-01 3.025304871497234704e-01
5.479472336900281348e+00 4.117852919028146541e-01 2.840191995845907091e-01
5.568596444286408875e+00 3.927167311273467853e-01 2.670964013819336347e-01
5.659170163246242780e+00 3.737620653609549648e-01 2.505535569998580403e-01
5.751217071841614015e+00 3.564684109135379808e-01 2.354138579207355475e-01
5.844761131633638307e+00 3.392739805099660444e-01 2.206447347050369545e-01
5.939826693920350564e+00 3.235914281969732853e-01 2.071430264083655437e-01
6.036438506075864296e+00 3.079951217765006244e-01 1.939642030276447493e-01
6.134621717992506440e+00 2.937746288062805800e-01 1.819323405108844161e-01
6.234401888627863819e+00 2.796289166656252823e-01 1.702105585040259716e-01
6.335804992658253809e+00 2.667349277209509206e-01 1.594976238402635027e-01
6.438857427240412434e+00 2.539056054984928923e-01 1.490790444337602161e-01
6.543586018883228661e+00 2.422148815189748838e-01 1.395718166046225062e-01
6.650018030431118277e+00 2.305799225147622811e-01 1.303231353761326317e-01
6.758181168161109476e+00 2.199805097711280966e-01 1.218915901401534940e-01
6.868103588995307263e+00 2.094290432381073208e-01 1.137074352651143844e-01
6.979813907830652475e+00 1.998192972837130876e-01 1.062416898178069474e-01
7.093341204987989812e+00 1.902506285359970295e-01 9.900603552722472833e-02
7.208715033782135073e+00 1.815382145202021624e-01 9.241510810425387912e-02
7.325965428215230446e+00 1.728608519458634529e-01 8.603018328457326391e-02
7.445122910795142879e+00 1.649619133480503264e-01 8.021867264766144312e-02
7.566218500481046938e+00 1.570927494503386590e-01 7.459895061256101301e-02
7.689283720758306018e+00 1.499311554469816010e-01 6.948566270501328745e-02
7.814350607844541940e+00 1.427947238855927226e-01 6.454850472677708950e-02
7.941451719029339884e+00 1.363013796759256491e-01 6.005883951291835637e-02
8.070620141149507987e+00 1.298291743228031925e-01 5.573113243881073348e-02
8.201889499202211553e+00 1.239413893754552909e-01 5.179911523189378170e-02
8.335293965098186320e+00 1.180712218476410863e-01 4.801170470339972268e-02
8.470868266557401327e+00 1.127320098377255220e-01 4.457564835034982104e-02
8.608647696149244410e+00 1.074073164524867174e-01 4.127190076892058024e-02
8.748668120479914379e+00 1.025647463933257592e-01 3.827281478047037111e-02
8.890965989529167501e+00 9.773401386994050311e-02 3.539673611640917206e-02
9.035578346138921191e+00 9.334106710101902626e-02 3.278945982613477861e-02
9.182542835656281710e+00 8.895765021855289723e-02 3.028833220188600558e-02
9.331897715733237675e+00 8.497180419753189162e-02 2.802546250013412954e-02
9.483681866285927242e+00 8.099350717166646507e-02 2.586035567664238602e-02
9.637934799615795356e+00 7.737630408147158634e-02 2.389849349452855681e-02
9.794696670695385521e+00 7.376495466670664192e-02 2.202652429673012877e-02
9.954008287621517681e+00 7.048161129004569536e-02 2.033451009081753413e-02
1.011591112223829647e+01 6.720267552939857003e-02 1.871820522977704973e-02
1.028044732093309754e+01 6.422173048080398461e-02 1.725962974262139696e-02
1.044765971560805262e+01 6.124395481463338481e-02 1.587189938378641071e-02
1.061759183482999092e+01 5.853688162557158653e-02 1.461691251658175927e-02
1.079028791516183539e+01 5.583189953199706179e-02 1.342500392755645311e-02
1.096579291267809886e+01 5.337267724150448339e-02 1.235166374386385997e-02
1.114415251466787993e+01 5.091463673383754551e-02 1.133065229822835009e-02
1.132541315152812800e+01 4.867974869238678864e-02 1.041121021666837655e-02
1.150962200885031272e+01 4.644528647802611404e-02 9.541946723414721290e-03
1.169682703970384807e+01 4.441352905782614685e-02 8.757343582085528114e-03
1.188707697711903322e+01 4.238157330985228149e-02 8.015214162414021140e-03
1.208042134677328860e+01 4.053382022592365297e-02 7.349902449828775094e-03
1.227691047988360395e+01 3.868535774649121961e-02 6.719622106969042746e-03
1.247659552630868340e+01 3.700434922549484390e-02 6.152947078459942293e-03
1.267952846786433874e+01 3.532221709062104142e-02 5.620942672085750200e-03
1.288576213185518071e+01 3.379237118060445660e-02 5.141724210359423751e-03
1.309535020482667633e+01 3.226106807231311074e-02 4.689952161840617133e-03
1.330834724654076062e+01 3.086829463177816202e-02 4.287111311290401142e-03
1.352480870417873859e+01 2.947379092273447188e-02 3.906966218675238071e-03
1.374479092677536585e+01 2.820527684311436786e-02 3.565515102571850323e-03
1.396835117988739583e+01 2.693481946864246038e-02 3.247373060206333421e-03
1.419554766050101513e+01 2.577898062542235968e-02 2.961359857599187191e-03
1.442643951218158804e+01 2.462103982574165295e-02 2.692371697778623337e-03
1.466108684046982980e+01 2.356742831451507508e-02 2.453960789567290277e-03
1.489955072852853668e+01 2.251160189314147658e-02 2.229784392405583134e-03
1.514189325304351996e+01 2.155078868047938245e-02 2.028538845312137431e-03
1.538817750038346510e+01 2.058768588026503588e-02 1.842388643373880572e-03
1.563846758302247864e+01 1.971115616475850249e-02 1.675415725490023502e-03
1.589282865622976360e+01 1.883229408915499531e-02 1.518829808520440671e-03
1.615132693503089456e+01 1.803235395647464351e-02 1.380532282545754224e-03
1.641402971144466605e+01 1.723006515201135416e-02 1.251119750198129502e-03
1.668100537200059108e+01 1.649975836145651381e-02 1.135175845725733355e-03
1.695232341554121192e+01 1.576710845988620047e-02 1.028251004165659345e-03
1.722805447131392143e+01 1.510014272615166700e-02 9.327703623580690896e-04
1.750827031735723338e+01 1.443085725114610744e-02 8.435025462523637520e-04
1.779304389918577201e+01 1.382153693985211859e-02 7.647613667893669778e-04
1.808244934877951948e+01 1.320993461803148146e-02 6.915042774335099880e-04
1.837656200388172323e+01 1.265310076654742842e-02 6.259920780546360166e-04
1.867545842761073871e+01 1.209403410761089245e-02 5.656840267386877615e-04
1.897921642839099476e+01 1.158501122900783623e-02 5.120961724361681794e-04
1.928791508020777812e+01 1.107381376454161064e-02 4.621228981809111886e-04
1.960163474319185539e+01 1.060836219605424194e-02 4.180585382236198214e-04
1.992045708453871100e+01 1.014080120224414294e-02 3.773031689340462791e-04
2.024446509976801778e+01 9.715074389632314886e-03 3.409156298089007896e-04
2.057374313432911350e+01 9.287308576450872474e-03 3.074386784058969900e-04
2.090837690555749973e+01 8.897815607589671175e-03 2.778475746127959957e-04
2.124845352498882889e+01 8.506358714216956732e-03 2.503083369361664432e-04
2.159406152103567678e+01 8.149938961218183842e-03 2.260132170211587538e-04
2.194529086203311152e+01 7.791633188369773838e-03 2.036731491153350154e-04
2.230223297965936169e+01 7.465418431223335392e-03 1.837553162813827757e-04
2.266498079273693023e+01 7.137396657135755378e-03 1.654216817091950218e-04
2.303362873142131306e+01 6.838775487584389592e-03 1.493039914944430970e-04
2.340827276178294269e+01 6.538426590279102467e-03 1.343267075495423808e-04
2.378901041078890799e+01 6.265020387469687896e-03 1.210972343178743580e-04
2.417594079169128563e+01 5.989965373067436191e-03 1.090012762544768227e-04
2.456916462982790250e+01 5.739606762645177440e-03 9.822936491611319355e-05
2.496878428884326695e+01 5.487677343208839653e-03 8.829993678399278767e-05
2.537490379733571544e+01 5.258390731250561778e-03 7.961818560483537033e-05
2.578762887593803654e+01 5.027609980185330195e-03 7.155922865240164292e-05
2.620706696483849640e+01 4.817594188769406920e-03 6.442706455730307796e-05
2.663332725174980808e+01 4.606159611467298097e-03 5.794156839265500453e-05
2.706652070033241131e+01 4.413776449168345210e-03 5.217136791464932043e-05
2.750676007908067433e+01 4.220048132395599373e-03 4.684069090627388909e-05
2.795415999067859047e+01 4.043805917404658459e-03 4.220508783577620255e-05
2.840883690183301269e+01 3.866289857994975598e-03 3.790488779796136876e-05
2.887090917359234510e+01 3.704825114850024154e-03 3.409008017011296688e-05
2.934049709215786805e+01 3.542155365647523934e-03 3.063927454379572008e-05
2.981772290019673477e+01 3.394221385668340796e-03 2.757142374980028822e-05
3.030271082866399368e+01 3.245148672954331799e-03 2.473078895654258876e-05
3.079558712914223406e+01 3.109605316790430788e-03 2.227089373024650903e-05
3.129648010670750580e+01 2.972986877462757346e-03 1.999117428478349660e-05
3.180552015332919780e+01 2.848791289728578192e-03 1.796784400518697025e-05
3.232283978181380490e+01 2.723581616979491894e-03 1.613772895396784439e-05
3.284857366030046677e+01 2.609779795772895501e-03 1.451588310809682977e-05
3.338285864731757613e+01 2.495022302211464139e-03 1.301455064109994806e-05
3.392583382740991738e+01 2.390742442128059812e-03 1.171135379259364251e-05
3.447764054734463457e+01 2.285562755757594624e-03 1.050864679719660724e-05
3.503842245290675805e+01 2.190008147865879495e-03 9.441835904119934544e-06
3.560832552629281622e+01 2.093606928323020044e-03 8.474057785816048024e-06
3.618749812411276423e+01 2.006047903501179206e-03 7.620320983616812891e-06
3.677609101601030517e+01 1.917692893422761691e-03 6.830055953469921848e-06
3.737425742391064176e+01 1.837461026936321531e-03 6.142230234621032293e-06
3.798215306190736129e+01 1.756481273727533970e-03 5.510055320414193716e-06
3.859993617679771205e+01 1.682964204806272320e-03 4.949585917586684306e-06
3.922776758927715690e+01 1.608744888361291273e-03 4.439465009581385662e-06
3.986581073580438783e+01 1.541381582991629886e-03 3.991512515895273595e-06
4.051423171114647204e+01 1.473359284895502845e-03 3.576812888633538245e-06
4.117319931161679136e+01 1.411635704965700892e-03 3.214802671404945874e-06
4.184288507901584353e+01 1.349294091838098338e-03 2.883436211467310575e-06
4.252346334528677829e+01 1.292739409845190335e-03 2.589776107027942353e-06
4.321511127789761986e+01 1.235605447590656242e-03 2.321542999780764843e-06
4.391800892596085504e+01 1.183788501471994426e-03 2.087078134401368235e-06
4.463233926710397270e+01 1.131428890016882320e-03 1.869966712892270693e-06
4.535828825510191109e+01 1.083954484800015708e-03 1.679850352711008671e-06
4.609604486828429515e+01 1.035971976155785007e-03 1.506527750031328541e-06
4.684580115873045258e+01 9.924778374085702938e-04 1.352983783574752030e-06
4.760775230226368393e+01 9.485081913872024520e-04 1.212209516440334331e-06
4.838209664925957298e+01 9.086622182527823513e-04 1.089722178972969706e-06
4.916903577628031030e+01 8.683714552154398305e-04 9.762639131974922315e-07
4.996877453854878581e+01 8.318692037295793767e-04 8.765917158520958920e-07
5.078152112327670409e+01 7.949510870570041963e-04 7.860876337404406369e-07
5.160748710385907145e+01 7.615134643055587477e-04 7.059379497992339301e-07
5.244688749495118429e+01 7.276871934330694488e-04 6.321691991795423263e-07
5.329994080844092963e+01 6.970583495083372766e-04 5.682783339407866750e-07
5.416686911033146146e+01 6.660664502642310537e-04 5.090746358450815126e-07
5.504789807854967165e+01 6.380118480543430729e-04 4.568925526298611672e-07
5.594325706169377099e+01 6.096182397810864014e-04 4.096989676427807268e-07
5.685317913873753071e+01 5.839228667320152171e-04 3.679178063448554459e-07
5.777790117970506856e+01 5.579110721338929532e-04 3.293104444657182471e-07
5.871766390733249352e+01 5.343778129079654934e-04 2.960269283941589582e-07
5.967271195973309972e+01 5.105493283476035624e-04 2.651721765207291648e-07
6.064329395408061174e+01 4.889974758157543313e-04 2.379003812188894189e-07
6.162966255132942450e+01 4.671702797346126315e-04 2.133052901131635849e-07
6.263207452198692948e+01 4.474341701607142670e-04 1.915508616042614903e-07
6.365079081295564833e+01 4.274413555909199118e-04 1.714152080606543520e-07
6.468607661546320742e+01 4.093691175940597374e-04 1.540486972231125724e-07
6.573820143409585626e+01 3.910576367824207858e-04 1.379859852055847173e-07
6.680743915695614987e+01 3.745099826244435931e-04 1.237931054499209647e-07
6.789406812696111615e+01 3.577394330039293004e-04 1.109438307746088471e-07
6.899837121430010711e+01 3.425884584031674827e-04 9.962870935393826393e-08
7.012063589007176745e+01 3.272298872486757953e-04 8.915097467343640380e-08
7.126115430111745752e+01 3.133583601263307378e-04 8.008507827500288869e-08
7.242022334607315770e+01 2.992935484285006473e-04 7.173128772791461560e-08
7.359814475265770284e+01 2.865940777837474749e-04 6.435224560986444478e-08
7.479522515621812317e+01 2.737147054786171364e-04 5.764561577513482384e-08
7.601177617955322319e+01 2.620889103881949536e-04 5.176595899844526304e-08
7.724811451403400042e+01 2.502957225684801891e-04 4.631898520510753716e-08
7.850456200204509116e+01 2.396534721539928686e-04 4.159065305302221462e-08
7.978144572076628549e+01 2.288555163090534572e-04 3.725011414207639905e-08
8.107909806731677804e+01 2.191142345149350488e-04 3.341732784826432379e-08
8.239785684528510501e+01 2.092281629791057393e-04 2.992009823920198921e-08
8.373806535266488993e+01 2.003122199592211549e-04 2.686790325560971644e-08
8.510007247122246099e+01 1.912616798071250861e-04 2.403901618390829928e-08
8.648423275731725823e+01 1.831019247070885642e-04 2.157537117457699977e-08
8.789090653419962962e+01 1.748170868683994808e-04 1.932239748633509396e-08
8.932045998580959179e+01 1.673501652938571627e-04 1.733374131425673264e-08
9.077326525210223451e+01 1.597670389907465346e-04 1.551193270399239741e-08
9.224970052592175307e+01 1.529348487671158320e-04 1.392919676790566857e-08
9.375015015145289965e+01 1.459947347754064653e-04 1.246157799793791037e-08
9.527500472427300338e+01 1.397439941595147008e-04 1.117936777941994670e-08
9.682466119303114738e+01 1.333930508956372208e-04 1.001124134480629121e-08
9.839952296278227095e+01 1.276749021584821803e-04 8.980578712995081063e-09
1.000000000000000000e+02 1.218637472209548788e-04 8.032616812197380456e-09
