1.000000000000000021e-03 3.909481739372138500e+09 0.000000000000000000e+00
1.097498765493055582e-03 3.538193372122179508e+09 0.000000000000000000e+00
1.204503540258782370e-03 3.200463660183614254e+09 0.000000000000000000e+00
1.321941148466028622e-03 2.893220507897583485e+09 0.000000000000000000e+00
1.450828778495940165e-03 2.613689861954839706e+09 0.000000000000000000e+00
1.592282793341092241e-03 2.359338053308965206e+09 0.000000000000000000e+00
1.747528400007682938e-03 2.127861939199130058e+09 0.000000000000000000e+00
1.917910261672488900e-03 1.917225698605041742e+09 0.000000000000000000e+00
2.104904144512019428e-03 1.725543385786108255e+09 0.000000000000000000e+00
2.310129700083160022e-03 1.551110770870304346e+09 0.000000000000000000e+00
2.535364493970111363e-03 1.392369699426210880e+09 1.958193791975732211e+03
2.782559402207126099e-03 1.247923339572686672e+09 3.321864971808499831e+03
3.053855508833415357e-03 1.116485074661497355e+09 5.597740797296807614e+03
3.351602650938840557e-03 9.968938199982429743e+08 9.367070619442643874e+03
3.678379771828634275e-03 8.880475697277522087e+08 1.553807751420378554e+04
4.037017258596553408e-03 7.890055107388557196e+08 2.552774003608140993e+04
4.430621457583882282e-03 6.989108216834344864e+08 4.149708860978716257e+04
4.862601580065352772e-03 6.169394959785045385e+08 6.666404134162286937e+04
5.336699231206312212e-03 5.423653317451281548e+08 1.056935564600154612e+05
5.857020818056667653e-03 4.745373870013992786e+08 1.651268306722904672e+05
6.428073117284318835e-03 4.128489544829379916e+08 2.537475695652295835e+05
7.054802310718645032e-03 3.568153354866429567e+08 3.829167962843377609e+05
7.742636826811270280e-03 3.059818146062496901e+08 5.662059308834234253e+05
8.497534359086445638e-03 2.600204505304182172e+08 8.177642388980394462e+05
9.326033468832199691e-03 2.187756436994540691e+08 1.151032839696375187e+06
1.023531021899026262e-02 1.821602342986502945e+08 1.575774564704626799e+06
1.123324032978027798e-02 1.500533138395390809e+08 2.094295607426954899e+06
1.232846739442066547e-02 1.223639726456914991e+08 2.699487401606158819e+06
1.353047774579807516e-02 9.888314092078424990e+07 3.372336511166783515e+06
1.484968262254464898e-02 7.922375590332148969e+07 4.078009960219614208e+06
1.629750834620644420e-02 6.290693661101804674e+07 4.764373269004411064e+06
1.788649529057434809e-02 4.948404095840235054e+07 5.366856376904162578e+06
1.963040650040271187e-02 3.854578534938995540e+07 5.817168631232721731e+06
2.154434690031884272e-02 2.971900574046932161e+07 6.057723750717167743e+06
2.364489412645408295e-02 2.267316787674329802e+07 6.054493163884713314e+06
2.595024211399737241e-02 1.711502985864919424e+07 5.805935201783245429e+06
2.848035868435801893e-02 1.278636444869186357e+07 5.344763453775967471e+06
3.125715849688236875e-02 9.470177173545446247e+06 4.735388992138375528e+06
3.430469286314919569e-02 6.969389236929679289e+06 4.052902999688309617e+06
3.764935806792469447e-02 5.119155741430533119e+06 3.372496225501499139e+06
4.132012400115338269e-02 3.775470235814948566e+06 2.751578478684879374e+06
4.534878508128584867e-02 2.812507421721259598e+06 2.220801266643975396e+06
4.977023564332110767e-02 2.127154875094967429e+06 1.787643267408000072e+06
5.462277217684342184e-02 1.634155854216977488e+06 1.440166979133974295e+06
5.994842503189411892e-02 1.266078194722124375e+06 1.156189123419003794e+06
6.579332246575682330e-02 9.744747835658359108e+05 9.135082633551803883e+05
7.220809018385467015e-02 7.307852281662496971e+05 6.982061586748717818e+05
7.924828983539176919e-02 5.259621136352507165e+05 5.094042199552691309e+05
8.697490026177834288e-02 3.642520225827190443e+05 3.562074510741034173e+05
9.545484566618342437e-02 2.501866739842771494e+05 2.463282005517115467e+05
1.047615752789665122e-01 1.786731033607703284e+05 1.767561485081693390e+05
1.149756995397736847e-01 1.350560705453329720e+05 1.340508433420751244e+05
1.261856883066020951e-01 1.026933995776877855e+05 1.021642021440220851e+05
1.384886371393873050e-01 7.285650106113520451e+04 7.259694070311995165e+04
1.519911082952934700e-01 4.836631023854832165e+04 4.824730883483459183e+04
1.668100537200059019e-01 3.352063817581646435e+04 3.346372293209005147e+04
1.830738280295369780e-01 2.509731122459578910e+04 2.506792075427400778e+04
2.009233002565047888e-01 1.770926983387846121e+04 1.769496654912523809e+04
2.205130739903045645e-01 1.177600854831094330e+04 1.176944698255750336e+04
2.420128264794383643e-01 8.409574995885546741e+03 8.406343225945021914e+03
2.656087782946686682e-01 5.889770791875377654e+03 5.888210072800257876e+03
2.915053062825178620e-01 3.977263802075166041e+03 3.976537211077280062e+03
3.199267137797384142e-01 2.798703990478682499e+03 2.798351562281971837e+03
3.511191734215134419e-01 1.892986416375626504e+03 1.892866262156482662e+03
3.853528593710531247e-01 1.310050220960111346e+03 1.310050220960111346e+03
4.229242874389498863e-01 8.903514265174774209e+02 8.903514265174774209e+02
4.641588833612781961e-01 6.079696354946412384e+02 6.079696354946412384e+02
5.094138014816380622e-01 4.132624282033683016e+02 4.132624282033683016e+02
5.590810182512228055e-01 2.800266692602995704e+02 2.800266692602995704e+02
6.135907273413175878e-01 1.894005527534394560e+02 1.894005527534394560e+02
6.734150657750828106e-01 1.278119504229852339e+02 1.278119504229852339e+02
7.390722033525782830e-01 8.604975874163855565e+01 8.604975874163855565e+01
8.111308307896871739e-01 5.783106954190908056e+01 5.783106954190908056e+01
8.902150854450392448e-01 3.880643148995523006e+01 3.880643148995523006e+01
9.770099572992256842e-01 2.598958375826239475e+01 2.598958375826239475e+01
1.072267222010324206e+00 1.737289807632636141e+01 1.737289807632636141e+01
1.176811952434998920e+00 1.159181042565460196e+01 1.159181042565460196e+01
1.291549665014883885e+00 7.720914503304551424e+00 7.720914503304551424e+00
1.417474162926806391e+00 5.134012834100754930e+00 5.134012834100754930e+00
1.555676143930472266e+00 3.408331291904569404e+00 3.408331291904569404e+00
1.707352647470692153e+00 2.259350966000053695e+00 2.259350966000053695e+00
1.873817422860384774e+00 1.496834202971907724e+00 1.496834202971907724e+00
2.056512308348653395e+00 9.902218355432718111e-01 9.902218355432718111e-01
2.257019719633921451e+00 6.541598986026976315e-01 6.541598986026976315e-01
2.477076355991711498e+00 4.315668109674801189e-01 4.315668109674801189e-01
2.718588242732942639e+00 2.843437583727302931e-01 2.843437583727302931e-01
2.983647240283340274e+00 1.871069189286208301e-01 1.871069189286208301e-01
3.274549162877731678e+00 1.229718035715097746e-01 1.229718035715097746e-01
3.593813663804629410e+00 8.072525119166507057e-02 8.072525119166507057e-02
3.944206059437660450e+00 5.297463731104455620e-02 5.297463731104455620e-02
4.328761281083060908e+00 3.473517856513302221e-02 3.473517856513302221e-02
4.750810162102797385e+00 2.275108759584846055e-02 2.275108759584846055e-02
5.214008287999689628e+00 1.488609211447320009e-02 1.488609211447320009e-02
5.722367659350220848e+00 9.730151988044482420e-03 9.730151988044482420e-03
6.280291441834259025e+00 6.353775775163515716e-03 6.353775775163515716e-03
6.892612104349701951e+00 4.145052282303327180e-03 4.145052282303327180e-03
7.564633275546290392e+00 2.701630362667765614e-03 2.701630362667765614e-03
8.302175681319752698e+00 1.760051697095159264e-03 1.760051697095159264e-03
9.111627561154895361e+00 1.146438585267885646e-03 1.146438585267885646e-03
1.000000000000000000e+01 7.461062178581335125e-04 7.461062178581335125e-04
