# k, dcdc13, dcdc13_EdS, dcTc13, dcTc13_EdS, dcdx13, dcdx13_EdS, dcTx13, dcTx13_EdS, dxdx13, dxdx13_EdS, PL_cc, TL_x, dcdx13_IR 
0.05 -167.61 -168.78 -244.06 -247.78 -161.17 -166.92 -228.88 -247.33 -153.67 -165.09 6582.7 0.989 -247.13
0.052151 -174.61 -175.84 -251.49 -255.35 -167.53 -173.58 -235.72 -254.74 -159.4 -171.35 6251.6 0.98715 -254.86
0.054394 -182.11 -183.36 -259.54 -263.44 -174.33 -180.64 -243.12 -262.66 -165.49 -177.96 5943.1 0.98518 -263.05
0.056734 -189.99 -191.28 -267.84 -271.87 -181.38 -188.01 -250.72 -270.87 -171.74 -184.8 5651.1 0.98293 -271.48
0.059175 -198.21 -199.58 -276.41 -280.63 -188.72 -195.68 -258.59 -279.4 -178.21 -191.86 5373.7 0.98049 -280.14
0.06172 -206.82 -208.25 -285.41 -289.72 -196.28 -203.63 -266.8 -288.23 -184.77 -199.11 5110.8 0.9778 -289.04
0.064375 -215.76 -217.16 -294.56 -298.93 -204.02 -211.7 -275.12 -297.16 -191.38 -206.37 4857.1 0.97485 -297.93
0.067144 -224.56 -226.06 -303.38 -307.91 -211.52 -219.64 -283.11 -305.82 -197.65 -213.4 4607.1 0.9716 -306.43
0.070033 -233.08 -234.63 -311.63 -316.24 -218.58 -227.12 -290.5 -313.78 -203.38 -219.85 4357.3 0.96798 -314.12
0.073045 -240.85 -242.46 -318.72 -323.43 -224.76 -233.71 -296.74 -320.55 -208.12 -225.27 4103.5 0.96392 -320.47
0.076187 -247.53 -249.06 -324.17 -328.85 -229.7 -238.93 -301.38 -325.47 -211.53 -229.22 3841.7 0.95933 -324.8
0.079465 -252.54 -254.04 -327.39 -332.04 -232.89 -242.39 -303.87 -328.07 -213.15 -231.27 3570.8 0.95413 -326.66
0.082883 -255.59 -257.07 -328.01 -332.65 -234.04 -243.77 -303.83 -328 -212.73 -231.15 3293 0.94826 -325.71
0.086448 -256.61 -258.04 -326.06 -330.59 -233.13 -242.99 -301.32 -325.18 -210.28 -228.81 3012.2 0.94167 -321.89
0.090167 -255.74 -257.07 -321.8 -326.16 -230.34 -240.19 -296.58 -319.92 -206.01 -224.42 2735.3 0.93435 -315.5
0.094046 -254 -255.25 -316.55 -320.74 -226.6 -236.45 -290.83 -313.61 -200.76 -219.04 2475.5 0.92635 -307.96
0.098091 -252.15 -253.31 -311.31 -315.29 -222.61 -232.44 -285.04 -307.19 -195.21 -213.29 2239.6 0.91761 -300.23
0.10231 -251.16 -252.25 -307.22 -311.04 -219.19 -229.03 -280.17 -301.81 -190.03 -207.94 2033.1 0.90795 -293.39
0.10671 -252.46 -253.49 -305.99 -309.72 -217.53 -227.47 -277.78 -299.11 -186.25 -204.11 1862.9 0.89734 -289.03
0.1113 -256.72 -257.75 -308.42 -312.07 -218.11 -228.27 -278.51 -299.73 -184.18 -202.17 1727.1 0.88564 -287.73
0.11609 -263.61 -264.6 -313.92 -317.52 -220.56 -230.98 -281.83 -303.07 -183.45 -201.63 1617 0.87295 -288.85
0.12108 -272.75 -273.66 -322.01 -325.53 -224.38 -235.1 -287.14 -308.5 -183.55 -201.98 1525.4 0.8591 -291.74
0.12629 -282.77 -283.62 -330.99 -334.49 -228.37 -239.42 -292.93 -314.46 -183.45 -202.12 1442.3 0.84418 -294.86
0.13172 -291.37 -292.19 -338.27 -341.71 -230.63 -241.93 -296.78 -318.29 -181.63 -200.31 1355.8 0.82799 -295.75
0.13739 -296.64 -297.32 -341.56 -344.83 -229.69 -241.01 -296.78 -317.88 -176.99 -195.37 1259 0.81061 -292.5
0.1433 -296.74 -297.37 -338.99 -342.09 -224.32 -235.51 -291.33 -311.66 -168.81 -186.52 1149.2 0.79198 -283.8
0.14947 -292.28 -292.79 -331.3 -334.12 -215.25 -226.06 -281.22 -300.41 -157.85 -174.55 1032.9 0.77211 -270.53
0.1559 -284.89 -285.29 -320.45 -323.02 -203.92 -214.24 -268.23 -286.12 -145.37 -160.88 918.93 0.75094 -254.65
0.1626 -278.22 -278.55 -310.61 -312.97 -193.12 -202.96 -255.99 -272.65 -133.56 -147.88 819.29 0.72864 -239.67
0.1696 -275.3 -275.5 -305.12 -307.21 -184.83 -194.26 -247.17 -262.7 -123.68 -136.97 740.18 0.7051 -227.92
0.17689 -277.16 -277.28 -304.99 -306.91 -179.5 -188.66 -242.3 -257.03 -115.89 -128.37 680.53 0.6804 -219.98
0.1845 -283.55 -283.62 -309.84 -311.64 -176.66 -185.68 -240.89 -255.04 -109.77 -121.56 635.94 0.65469 -215.2
0.19244 -291.35 -291.33 -316.2 -317.86 -174.11 -182.96 -240.01 -253.56 -103.79 -114.9 596.9 0.62801 -210.8
0.20072 -295.84 -295.71 -318.93 -320.41 -169.05 -177.57 -235.73 -248.47 -96.39 -106.62 553.81 0.60047 -203.43
0.20935 -294.21 -293.98 -315.12 -316.39 -160.24 -168.21 -226.18 -237.81 -87.116 -96.248 503.32 0.57218 -191.65
0.21835 -287.52 -287.25 -306.04 -307.12 -148.78 -156.07 -212.68 -223.07 -76.866 -84.797 449.66 0.54332 -176.87
0.22775 -280.43 -280.08 -296.67 -297.54 -137.39 -143.98 -199.01 -208.16 -67.223 -74.012 400.91 0.51406 -162.32
0.23754 -276.77 -276.4 -291.07 -291.81 -127.91 -133.91 -187.84 -195.95 -59.058 -64.88 361.88 0.4845 -150.22
0.24776 -279.21 -278.82 -291.93 -292.59 -121.28 -126.83 -180.63 -187.9 -52.647 -57.696 333.93 0.4549 -141.59
0.25842 -283.67 -283.26 -294.98 -295.52 -115.36 -120.48 -174.32 -180.78 -46.897 -51.242 310.38 0.42532 -133.87
0.26954 -285.26 -284.73 -295.03 -295.39 -108.2 -112.8 -165.92 -171.49 -41.037 -44.684 285.51 0.39615 -124.77
0.28113 -281.52 -281.02 -289.67 -289.98 -99.171 -103.22 -154.38 -159.05 -34.939 -37.912 257.9 0.3673 -113.68
0.29322 -275.98 -275.48 -282.6 -282.79 -89.949 -93.464 -142.14 -145.97 -29.326 -31.71 231.43 0.33928 -102.51
0.30584 -273.22 -272.72 -278.44 -278.56 -82.02 -85.063 -131.58 -134.67 -24.634 -26.532 209.75 0.31191 -92.921
0.31899 -274.26 -273.75 -278.24 -278.29 -75.531 -78.189 -122.99 -125.48 -20.814 -22.333 192.78 0.28563 -85.08
0.33272 -275.51 -274.96 -278.29 -278.26 -69.279 -71.552 -114.51 -116.41 -17.435 -18.62 177.33 0.26023 -77.567
0.34703 -273.27 -272.73 -274.9 -274.81 -62.51 -64.452 -104.85 -106.26 -14.312 -15.232 161.1 0.23632 -69.619
0.36196 -269.18 -268.71 -269.74 -269.66 -55.749 -57.381 -94.854 -95.852 -11.557 -12.253 145.4 0.21354 -61.767
0.37753 -267.83 -267.36 -267.38 -267.26 -50.013 -51.393 -86.285 -86.961 -9.3489 -9.8792 132.54 0.19223 -55.138
0.39377 -267.9 -267.45 -266.51 -266.38 -44.893 -46.041 -78.504 -78.891 -7.5307 -7.926 121.49 0.17215 -49.24
0.41071 -266.51 -266.08 -264.27 -264.1 -39.931 -40.903 -70.736 -70.936 -5.9893 -6.288 110.76 0.15373 -43.612
0.42837 -263.96 -263.53 -260.88 -260.72 -35.207 -36.016 -63.139 -63.18 -4.7007 -4.9222 100.54 0.13667 -38.287
0.4468 -262.31 -261.97 -258.52 -258.38 -31.021 -31.708 -56.283 -56.239 -3.6723 -3.8378 91.616 0.12104 -33.613
0.46602 -261.34 -260.97 -256.82 -256.65 -27.299 -27.881 -50.078 -49.973 -2.8543 -2.9788 83.662 0.10684 -29.477
0.48607 -259.46 -259.14 -254.31 -254.17 -23.832 -24.318 -44.169 -44.015 -2.1911 -2.282 76.171 0.093841 -25.643
0.50697 -257.6 -257.26 -251.85 -251.68 -20.745 -21.16 -38.808 -38.648 -1.672 -1.7405 69.341 0.082253 -22.258
0.52878 -256.06 -255.76 -249.78 -249.61 -18.02 -18.388 -34.008 -33.869 -1.2691 -1.322 63.218 0.071896 -19.296
0.55153 -254.14 -253.87 -247.37 -247.22 -15.566 -15.883 -29.611 -29.484 -0.95404 -0.99368 57.549 0.062563 -16.63
0.57525 -252.35 -252.13 -245.12 -245.01 -13.409 -13.683 -25.692 -25.581 -0.71293 -0.74251 52.423 0.054267 -14.295
0.6 -250.59 -250.39 -242.93 -242.84 -11.53 -11.778 -22.229 -22.16 -0.53071 -0.55406 47.755 0.04704 -12.28
