# k, dcdc13, dcdc13_EdS, dcTc13, dcTc13_EdS, dcdx13, dcdx13_EdS, dcTx13, dcTx13_EdS, dxdx13, dxdx13_EdS, PL_cc, TL_x, dcdx13_IR 
0.05 -260.92 -262.36 -415.04 -415.92 -266.91 -262.36 -415 -415.92 -271.44 -262.36 7810.5 1 -406.03
0.052151 -276.59 -278.17 -435.65 -437 -282.57 -278.17 -435.52 -437 -287.08 -278.17 7565.9 1 -427.86
0.054394 -294.26 -295.6 -459.31 -460.08 -299.97 -295.6 -459.12 -460.08 -304.26 -295.6 7343.6 1 -451.78
0.056734 -313.16 -314.56 -483.97 -485.02 -318.85 -314.56 -483.72 -485.02 -323.1 -314.56 7136.4 1 -477.65
0.059175 -333.78 -334.98 -510.66 -511.67 -339.19 -334.98 -510.37 -511.67 -343.21 -334.98 6940.2 1 -505.31
0.06172 -355.36 -356.9 -538.65 -540.02 -361.03 -356.9 -538.23 -540.02 -365.25 -356.9 6751.5 1 -534.79
0.064375 -378.78 -379.98 -568.53 -569.53 -383.95 -379.98 -568.07 -569.53 -387.77 -379.98 6562.5 1 -565.54
0.067144 -402.45 -403.77 -598.35 -599.38 -407.56 -403.77 -597.8 -599.38 -411.32 -403.77 6366.2 1 -596.76
0.070033 -426.73 -427.72 -627.8 -628.89 -431.73 -427.72 -627.17 -628.89 -435.38 -427.72 6155.6 1 -627.75
0.073045 -450.2 -451.09 -655.8 -656.84 -454.92 -451.09 -655.11 -656.84 -458.35 -451.09 5924.1 1 -657.27
0.076187 -471.28 -472.98 -680.81 -682.15 -475.89 -472.98 -680.05 -682.15 -479.22 -472.98 5669.2 1 -684.24
0.079465 -491.66 -492.87 -702.94 -703.99 -495.83 -492.87 -702.16 -703.99 -498.8 -492.87 5390 1 -707.79
0.082883 -508.36 -509.83 -719.62 -721.3 -512.49 -509.83 -718.73 -721.3 -515.42 -509.83 5088.2 1 -726.81
0.086448 -522.79 -524.08 -733.22 -734.39 -526.45 -524.08 -732.31 -734.39 -529 -524.08 4772.3 1 -741.57
0.090167 -534.53 -535.87 -742.39 -743.72 -538.12 -535.87 -741.38 -743.72 -540.61 -535.87 4451.1 1 -752.49
0.094046 -545.21 -546.29 -749.73 -751.05 -548.49 -546.29 -748.7 -751.05 -550.77 -546.29 4139.9 1 -761.37
0.098091 -556.38 -556.91 -757.82 -758.38 -559.49 -556.91 -756.74 -758.38 -561.62 -556.91 3849.5 1 -770.16
0.10231 -567.85 -569.09 -766.46 -767.77 -570.7 -569.09 -765.34 -767.77 -572.58 -569.09 3588.4 1 -781.06
0.10671 -584.58 -585.53 -781.6 -782.59 -587.23 -585.53 -780.43 -782.59 -588.97 -585.53 3367.4 1 -797.39
0.1113 -606.65 -607.59 -803.53 -804.67 -609.18 -607.59 -802.27 -804.67 -610.8 -607.59 3187.6 1 -821.14
0.11609 -634.31 -635.27 -832.63 -833.74 -636.69 -635.27 -831.32 -833.74 -638.18 -635.27 3040.3 1 -851.98
0.12108 -667.03 -668.3 -867.6 -869.18 -669.3 -668.3 -866.23 -869.18 -670.66 -668.3 2916.9 1 -889.34
0.12629 -703.28 -703.91 -906.57 -907.45 -705.49 -703.91 -905.14 -907.45 -706.79 -703.91 2803 1 -929.63
0.13172 -736.73 -738.02 -941.93 -943.18 -738.92 -738.02 -940.39 -943.18 -740.23 -738.02 2681 1 -967.29
0.13739 -765.32 -766.41 -969.88 -971.11 -767.46 -766.41 -968.23 -971.11 -768.73 -766.41 2539.9 1 -996.94
0.1433 -783.72 -784.65 -984.68 -985.87 -785.81 -784.65 -983.07 -985.87 -787.11 -784.65 2372.5 1 -1013
0.14947 -792.67 -793.25 -987.26 -988.38 -794.67 -793.25 -985.63 -988.38 -795.89 -793.25 2188.1 1 -1016.4
0.1559 -793.75 -794.82 -981.26 -982.34 -795.62 -794.82 -979.76 -982.34 -796.79 -794.82 2000.6 1 -1011
0.1626 -795.92 -796.74 -975.92 -976.85 -797.61 -796.74 -974.43 -976.85 -798.58 -796.74 1829.8 1 -1005.9
0.1696 -804.55 -805.84 -978.79 -980.32 -806.11 -805.84 -977.14 -980.32 -806.92 -805.84 1688.7 1 -1010
0.17689 -824.51 -825.33 -995.43 -996.42 -825.97 -825.33 -993.74 -996.42 -826.7 -825.33 1578.6 1 -1027.1
0.1845 -854.73 -855.63 -1024.2 -1025.3 -855.98 -855.63 -1022.5 -1025.3 -856.51 -855.63 1493.6 1 -1057.3
0.19244 -888.93 -889.77 -1057.3 -1058.5 -890.1 -889.77 -1055.5 -1058.5 -890.56 -889.77 1417.9 1 -1091.8
0.20072 -916.17 -916.73 -1081.9 -1082.9 -917.18 -916.73 -1080.1 -1082.9 -917.47 -916.73 1333.6 1 -1117.2
0.20935 -928.05 -928.48 -1088.4 -1089.2 -928.93 -928.48 -1086.5 -1089.2 -929.13 -928.48 1233.2 1 -1123.8
0.21835 -925.66 -926.01 -1078.3 -1079 -926.37 -926.01 -1076.5 -1079 -926.42 -926.01 1123 1 -1113.3
0.22775 -919.4 -920.17 -1064.2 -1065.2 -920.04 -920.17 -1062.2 -1065.2 -920.03 -920.17 1019 1 -1099
0.23754 -920.21 -921.01 -1058.3 -1059.4 -920.61 -921.01 -1056.4 -1059.4 -920.39 -921.01 931.46 1 -1093
0.24776 -935.45 -936.11 -1069.2 -1070.1 -935.66 -935.92 -1067.6 -1070.9 -935.25 -935.74 864.85 0.9998 -1103.6
0.25842 -956.24 -956.1 -1086.1 -1086.4 -956.21 -955.64 -1084.4 -1087.1 -955.61 -955.18 806.93 0.99952 -1119.9
0.26954 -967.01 -967.44 -1091.9 -1092.9 -966.68 -966.71 -1090.1 -1093.4 -965.8 -965.97 745.93 0.99924 -1126
0.28113 -961.83 -962.66 -1080.4 -1081.4 -961.18 -961.7 -1078.6 -1081.9 -960.01 -960.73 678.17 0.999 -1113.5
0.29322 -948.82 -949.33 -1059.9 -1060.6 -947.85 -948.12 -1058.1 -1061.1 -946.38 -946.91 611.22 0.99872 -1091.4
0.30584 -940 -940.36 -1044.3 -1045.1 -938.57 -938.82 -1042.4 -1045.4 -936.63 -937.28 553.38 0.99836 -1074.6
0.31899 -939.32 -939.61 -1038.2 -1039 -937.54 -937.63 -1036.3 -1039.1 -935.28 -935.66 505.47 0.9979 -1067.3
0.33272 -936.99 -937.96 -1031 -1032.1 -934.72 -935.5 -1028.9 -1032 -931.96 -933.05 461.29 0.99738 -1059.1
0.34703 -923.52 -924.22 -1010.9 -1012.2 -920.72 -921.31 -1008.6 -1011.9 -917.43 -918.4 415.64 0.99684 -1037.5
0.36196 -901.72 -902.36 -982.87 -983.76 -898.35 -898.98 -980.55 -983.38 -894.48 -895.62 371.12 0.99626 -1007.2
0.37753 -885.62 -885.61 -960.87 -961.29 -881.76 -881.69 -958.49 -960.74 -877.42 -877.79 333.18 0.99558 -982.99
0.39377 -871.76 -871.78 -941.88 -942.29 -867.3 -867.26 -939.43 -941.55 -862.41 -862.76 300.04 0.99481 -962.23
0.41071 -852.91 -853.28 -917.63 -918.58 -847.78 -848.15 -915.07 -917.67 -842.23 -843.05 268.67 0.99399 -936.65
0.42837 -830.66 -831.1 -890.31 -891.22 -824.96 -825.37 -887.7 -890.18 -818.89 -819.68 239.46 0.99311 -907.38
0.4468 -811.58 -812.06 -866.91 -867.55 -805.11 -805.67 -864.24 -866.38 -798.3 -799.32 214.15 0.99212 -881.84
0.46602 -795.66 -795.89 -846.56 -847.21 -788.37 -788.75 -843.68 -845.91 -780.77 -781.67 192.09 0.99103 -859.68
0.48607 -779.5 -779.42 -826.6 -826.82 -771.45 -771.47 -823.68 -825.38 -763.15 -763.6 172.22 0.9898 -837.42
0.50697 -764.68 -764.86 -808.13 -808.69 -755.64 -755.97 -805.02 -807.06 -746.39 -747.19 154.74 0.98838 -817.39
0.52878 -752.55 -752.71 -792.83 -793.31 -742.62 -742.73 -789.5 -791.43 -732.59 -732.89 139.45 0.98674 -800.03
0.55153 -740.13 -740.35 -777.41 -777.9 -729.19 -729.12 -773.89 -775.69 -718.27 -718.06 125.63 0.98483 -782.53
0.57525 -728.27 -728.49 -762.75 -763.18 -715.85 -715.81 -758.94 -760.54 -703.52 -703.35 113.22 0.9826 -765.55
0.6 -715.1 -715.23 -746.77 -747.15 -701.22 -700.96 -742.53 -744.01 -687.54 -686.97 101.84 0.98004 -747.14
