# k, dcdc22, dcdc22_EdS, dcTc22, dcTc22_EdS, dcdx22, dcdx22_EdS, dcTx22, dcTx22_EdS, dxdx22, dxdx22_EdS, PL_cc, TL_x 
0.05 186.38 186.61 152.73 152.85 186.41 186.61 152.74 152.85 186.45 186.61 7810.5 1
0.052151 203.39 203.39 167.12 167.16 203.44 203.39 167.13 167.16 203.47 203.39 7565.9 1
0.054394 220.98 221.18 182.17 182.36 221.03 221.18 182.19 182.36 221.06 221.18 7343.6 1
0.056734 240.25 240.25 198.62 198.67 240.3 240.25 198.66 198.67 240.34 240.25 7136.4 1
0.059175 260.26 260.61 215.89 216.11 260.29 260.61 215.96 216.11 260.36 260.61 6940.2 1
0.06172 282.15 282.38 234.68 234.79 282.21 282.38 234.71 234.79 282.25 282.38 6751.5 1
0.064375 305.53 305.52 254.65 254.7 305.6 305.52 254.69 254.7 305.64 305.52 6562.5 1
0.067144 329.87 330.05 275.71 275.85 329.94 330.05 275.74 275.85 329.99 330.05 6366.2 1
0.070033 356.14 356.25 298.31 298.45 356.24 356.25 298.33 298.45 356.28 356.25 6155.6 1
0.073045 384.27 384.03 322.62 322.46 384.35 384.03 322.66 322.46 384.41 384.03 5924.1 1
0.076187 413.36 413.14 347.93 347.81 413.44 413.14 347.98 347.81 413.51 413.14 5669.2 1
0.079465 443.2 443.47 374.19 374.38 443.32 443.47 374.22 374.38 443.37 443.47 5390 1
0.082883 475.24 475.65 402.28 402.42 475.35 475.65 402.33 402.42 475.42 475.65 5088.2 1
0.086448 508.19 508.04 431.18 431.12 508.27 508.04 431.25 431.12 508.38 508.04 4772.3 1
0.090167 541.51 541.46 460.73 460.8 541.6 541.46 460.79 460.8 541.71 541.46 4451.1 1
0.094046 574.8 575.07 490.88 490.85 574.94 575.07 490.91 490.85 575.02 575.07 4139.9 1
0.098091 608.81 608.69 521.46 521.16 608.97 608.69 521.5 521.16 609.05 608.69 3849.5 1
0.10231 643.13 642.37 552.31 551.69 643.24 642.37 552.39 551.69 643.39 642.37 3588.4 1
0.10671 675.86 676.16 582.05 582.39 675.99 676.16 582.14 582.39 676.14 676.16 3367.4 1
0.1113 709.64 709.64 613.11 612.96 709.76 709.64 613.2 612.96 709.93 709.64 3187.6 1
0.11609 743.05 743.63 643.73 644.03 743.21 743.63 643.8 644.03 743.36 743.63 3040.3 1
0.12108 778.26 777.92 675.48 675.44 778.42 777.92 675.56 675.44 778.59 777.92 2916.9 1
0.12629 812.09 813.33 707.12 707.91 812.25 813.33 707.22 707.91 812.45 813.33 2803 1
0.13172 848.79 849.12 740.67 740.89 848.95 849.12 740.8 740.89 849.17 849.12 2681 1
0.13739 885.57 886.12 774.5 774.77 885.78 886.12 774.59 774.77 885.97 886.12 2539.9 1
0.1433 923.12 923.37 808.8 809.15 923.29 923.37 808.91 809.15 923.55 923.37 2372.5 1
0.14947 960.21 960.36 843.14 843.35 960.39 960.36 843.31 843.35 960.7 960.36 2188.1 1
0.1559 995.47 995.96 876.35 876.86 995.72 995.96 876.53 876.86 996.04 995.96 2000.6 1
0.1626 1029.2 1029.2 908.39 908.44 1029.5 1029.2 908.52 908.44 1029.9 1029.2 1829.8 1
0.1696 1061.8 1060.7 939.71 938.67 1062.1 1060.7 939.86 938.67 1062.5 1060.7 1688.7 1
0.17689 1089.8 1090.7 966.75 967.59 1090.2 1090.7 966.93 967.59 1090.6 1090.7 1578.6 1
0.1845 1118.9 1119 995.02 994.86 1119.4 1119 995.22 994.86 1119.8 1119 1493.6 1
0.19244 1147 1147.1 1022 1022.2 1147.4 1147.1 1022.2 1022.2 1147.9 1147.1 1417.9 1
0.20072 1174.1 1175 1048.3 1049 1174.5 1175 1048.5 1049 1174.9 1175 1333.6 1
0.20935 1202 1202 1075.8 1075.5 1202.4 1202 1076.1 1075.5 1202.7 1202 1233.2 1
0.21835 1226.4 1226.5 1099.6 1099.9 1226.7 1226.5 1099.9 1099.9 1227.1 1226.5 1123 1
0.22775 1248.3 1247.4 1121.7 1120.9 1248.6 1247.4 1121.9 1120.9 1248.9 1247.4 1019 1
0.23754 1265.6 1265.7 1139.7 1139.9 1265.7 1265.7 1139.9 1139.9 1265.9 1265.7 931.46 1
0.24776 1280.4 1280.7 1155.5 1155.7 1280.5 1280.4 1155.7 1156.6 1280.4 1280.2 864.85 0.9998
0.25842 1293.1 1293.4 1169.6 1169.6 1293 1292.8 1169.8 1170.4 1292.9 1292.2 806.93 0.99952
0.26954 1303.4 1304.1 1181.5 1181.6 1303.1 1303.2 1181.6 1182.2 1302.8 1302.2 745.93 0.99924
0.28113 1312.2 1312.3 1191.3 1191.3 1311.7 1311 1191.4 1191.8 1311.1 1309.7 678.17 0.999
0.29322 1316.9 1317 1197.7 1197.8 1316.1 1315.3 1197.8 1198.3 1315.2 1313.6 611.22 0.99872
0.30584 1316.4 1316.6 1199.9 1200 1315.4 1314.5 1200 1200.3 1314.2 1312.3 553.38 0.99836
0.31899 1311.9 1312.6 1198.3 1198.6 1310.6 1309.8 1198.3 1198.7 1309.1 1307.1 505.47 0.9979
0.33272 1306.7 1306.1 1195.2 1194.8 1305 1302.7 1195.2 1194.7 1303.2 1299.3 461.29 0.99738
0.34703 1294.7 1295.5 1186.9 1187.3 1292.7 1291.4 1186.8 1187 1290.4 1287.3 415.64 0.99684
0.36196 1281.4 1281.2 1176.8 1176.5 1278.9 1276.4 1176.6 1176 1276.1 1271.6 371.12 0.99626
0.37753 1262.3 1263.2 1161.4 1162 1259.3 1257.6 1161.1 1161.3 1256.1 1252.1 333.18 0.99558
0.39377 1241.1 1242.4 1144.2 1145.1 1237.6 1235.9 1143.8 1144.2 1233.9 1229.5 300.04 0.99481
0.41071 1217.5 1218.3 1125.1 1124.9 1213.5 1210.9 1124.6 1123.7 1209.2 1203.7 268.67 0.99399
0.42837 1191.9 1191.6 1103.3 1102.6 1187.1 1183.4 1102.6 1101.3 1182.2 1175.3 239.46 0.99311
0.4468 1163.5 1164.3 1078.9 1079.3 1158.1 1155.1 1078.2 1077.9 1152.4 1146 214.15 0.99212
0.46602 1133.5 1134.6 1053.6 1054.1 1127.2 1124.5 1052.6 1052.5 1120.8 1114.4 192.09 0.99103
0.48607 1104.7 1105.5 1028.8 1029.1 1097.5 1094.2 1027.7 1027.3 1090.2 1083.1 172.22 0.9898
0.50697 1075.3 1076.2 1003.8 1003.9 1067.2 1063.7 1002.5 1001.9 1058.9 1051.4 154.74 0.98838
0.52878 1047.5 1047.6 979.73 979.39 1038.2 1033.7 978.12 977.07 1028.9 1020 139.45 0.98674
0.55153 1018.4 1019.5 954.8 954.99 1008.1 1004.1 952.92 952.29 997.75 988.84 125.63 0.98483
0.57525 991.23 991.73 931.01 930.79 979.99 974.47 928.96 927.57 968.89 957.51 113.22 0.9826
0.6 964.05 963.23 907.36 905.77 951.59 944.01 904.98 901.96 939.4 925.17 101.84 0.98004
