-9.1	-0.009681933719057366
-9.	-0.009681904826690005
-8.9	-0.009681880328244994
-8.799999999999999	-0.009681859336817183
-8.7	-0.009681841216136284
-8.6	-0.009681825241451027
-8.5	-0.009681810827119271
-8.4	-0.009681797764810348
-8.299999999999999	-0.009681785647004441
-8.2	-0.009681774209497592
-8.1	-0.009681763325282686
-8.	-0.009681752763334337
-7.8999999999999995	-0.009681742333442227
-7.8	-0.009681731945622461
-7.699999999999999	-0.009681721239455153
-7.6	-0.009681710049107423
-7.5	-0.00968169815720775
-7.3999999999999995	-0.009681685414981928
-7.3	-0.009681671704442549
-7.199999999999999	-0.00968165683411935
-7.1	-0.009681640683136518
-7.	-0.009681623038460905
-6.8999999999999995	-0.009681603681194795
-6.8	-0.009681582411420486
-6.699999999999999	-0.009681559103579611
-6.6	-0.00968153335636046
-6.5	-0.009681505102446072
-6.3999999999999995	-0.009681473863546508
-6.3	-0.009681439493674514
-6.199999999999999	-0.009681401589504356
-6.1	-0.009681359747417908
-6.	-0.009681313678466334
-5.8999999999999995	-0.00968126270278589
-5.8	-0.009681206623319059
-5.699999999999999	-0.009681144514789828
-5.6	-0.009681076175183604
-5.499999999999999	-0.009681000534786438
-5.3999999999999995	-0.009680917203857458
-5.3	-0.009680825225169323
-5.199999999999999	-0.009680723665280444
-5.1	-0.009680611904026151
-4.999999999999999	-0.00968048831077501
-4.8999999999999995	-0.009680352505074099
-4.8	-0.00968020232080115
-4.699999999999999	-0.009680037274903065
-4.6	-0.009679855104171858
-4.499999999999999	-0.009679654552639165
-4.3999999999999995	-0.009679434087749544
-4.3	-0.009679191230841745
-4.199999999999999	-0.009678925058282946
-4.1	-0.009678631641673537
-3.9999999999999996	-0.009678308942349001
-3.8999999999999995	-0.009677954094840157
-3.7999999999999994	-0.00967756416477942
-3.6999999999999993	-0.009677136999540727
-3.5999999999999996	-0.009676669379436018
-3.4999999999999996	-0.00967615651861114
-3.3999999999999995	-0.009675594390358939
-3.2999999999999994	-0.009674979134991114
-3.1999999999999993	-0.009674306227673539
-3.099999999999999	-0.00967357071180131
-2.9999999999999996	-0.009672767629150994
-2.8999999999999995	-0.00967189154358392
-2.7999999999999994	-0.00967093713444537
-2.6999999999999993	-0.009669898706183932
-2.599999999999999	-0.009668770283365316
-2.4999999999999996	-0.009667545265357699
-2.3999999999999995	-0.00966621695298909
-2.2999999999999994	-0.009664778437969672
-2.1999999999999993	-0.009663222836369903
-2.099999999999999	-0.009661543224918398
-1.9999999999999993	-0.009659732497104369
-1.8999999999999992	-0.00965778346856689
-1.7999999999999994	-0.009655688883738427
-1.6999999999999993	-0.009653441651145879
-1.5999999999999992	-0.009651034824147978
-1.4999999999999993	-0.009648461685704279
-1.3999999999999992	-0.009645715785725413
-1.2999999999999994	-0.009642791022326605
-1.1999999999999993	-0.009639681694934827
-1.0999999999999992	-0.009636382642847179
-0.9999999999999993	-0.009632889294279932
-0.8999999999999992	-0.009629197936306372
-0.7999999999999993	-0.009625305042711882
-0.6999999999999993	-0.009621208325036984
-0.5999999999999992	-0.009616906149845655
-0.4999999999999992	-0.009612397841217722
-0.39999999999999925	-0.009607683744011433
-0.29999999999999927	-0.009602764973660246
-0.19999999999999923	-0.009597644153998842
-0.09999999999999923	-0.009592324378166598
7.771561172376096e-16	-0.009586810642084612
0.10000000000000078	-0.009581107673564269
0.2000000000000008	-0.009575222848163804
0.3000000000000008	-0.00956916292215712
0.4000000000000008	-0.009562937052355723
0.5000000000000008	-0.009556554176630027
0.6000000000000008	-0.009550024913995028
0.7000000000000008	-0.009543360453424871
0.8000000000000008	-0.009536572512929426
0.9000000000000008	-0.009529674106694287
1.0000000000000009	-0.009522677866724494
1.1000000000000008	-0.009515597838861238
1.2000000000000008	-0.009508447656157371
1.300000000000001	-0.009501241699455376
1.4000000000000008	-0.009493994338564198
1.5000000000000009	-0.009486720019387438
1.600000000000001	-0.009479433348471704
1.7000000000000008	-0.009472148797251612
1.800000000000001	-0.009464880678851172
1.9000000000000008	-0.009457642702354704
2.000000000000001	-0.009450448226696351
2.100000000000001	-0.009443310302996158
2.200000000000001	-0.009436241507872013
2.3000000000000007	-0.009429253736144349
2.400000000000001	-0.009422358399444795
2.500000000000001	-0.00941556609432695
2.600000000000001	-0.009408886661192904
2.700000000000001	-0.00940232940359241
2.8000000000000007	-0.009395902612146437
2.900000000000001	-0.009389613645038661
3.000000000000001	-0.00938346951261692
3.100000000000001	-0.009377476594258378
3.200000000000001	-0.009371639506783831
3.300000000000001	-0.009365963373878327
3.400000000000001	-0.009360451271752593
3.500000000000001	-0.009355106733279545
3.600000000000001	-0.00934993162530984
3.700000000000001	-0.009344927565703721
3.800000000000001	-0.00934009558917563
3.900000000000001	-0.009335435486497233
4.000000000000001	-0.009330947337057643
4.100000000000001	-0.009326629858239057
4.200000000000001	-0.009322482122824547
4.300000000000001	-0.009318502028325982
4.400000000000001	-0.009314687596654256
4.500000000000001	-0.009311036085861181
4.600000000000001	-0.009307544461864227
4.700000000000001	-0.009304209533952341
4.800000000000001	-0.009301027496090904
4.900000000000001	-0.009297994742516899
5.000000000000001	-0.00929510709980186
5.100000000000001	-0.009292360546937216
5.200000000000001	-0.009289750737609414
5.300000000000001	-0.009287273317514834
5.400000000000001	-0.009284923827865919
5.500000000000001	-0.009282697672354675
5.600000000000001	-0.009280590313819366
5.700000000000001	-0.009278597129426447
5.800000000000001	-0.009276713537601925
5.900000000000001	-0.009274935044359953
6.000000000000001	-0.009273257148161228
6.100000000000001	-0.009271675463165341
6.200000000000001	-0.00927018567729985
6.300000000000001	-0.00926878349633995
6.400000000000001	-0.009267464823642928
6.500000000000001	-0.00926622531700764
6.600000000000001	-0.009265060831410144
6.700000000000001	-0.009263967985892636
6.800000000000001	-0.009262943333320468
6.900000000000001	-0.009261983301243839
7.000000000000001	-0.009261085160079242
7.100000000000001	-0.009260244369702816
7.200000000000001	-0.00925945732436243
7.300000000000002	-0.009258721590292679
7.400000000000001	-0.009258034123302084
7.500000000000001	-0.009257392272597923
7.600000000000001	-0.009256793294126963
7.700000000000001	-0.009256234579289585
7.800000000000002	-0.009255713597672693
7.900000000000001	-0.009255227651031027
8.000000000000002	-0.009254775096125979
8.100000000000001	-0.009254354038541576
8.200000000000001	-0.00925396266553734
8.3	-0.009253598614116775
8.400000000000002	-0.009253260469197739
8.500000000000002	-0.009252946063835437
8.600000000000001	-0.009252654490186323
8.700000000000001	-0.009252383598941639
8.8	-0.009252132587167916
8.900000000000002	-0.009251899588328972
9.000000000000002	-0.009251683838526056
9.100000000000001	-0.009251483531952875
9.200000000000001	-0.00925129846255339
9.3	-0.00925112685161893
9.400000000000002	-0.009250968051380065
9.500000000000002	-0.009250821312855933
9.600000000000001	-0.00925068534856326
9.700000000000001	-0.009250559980119097
9.8	-0.00925044390185806
9.900000000000002	-0.00925033682005551
10.000000000000002	-0.009250237941700665
10.100000000000001	-0.00925014653675057
10.200000000000001	-0.009250062358349406
10.3	-0.00924998446235171
10.400000000000002	-0.009249912730671845
10.500000000000002	-0.009249846451909302
10.600000000000001	-0.009249785303159048
10.700000000000001	-0.009249729054234756
10.8	-0.00924967707461844
10.900000000000002	-0.009249629311269866
11.000000000000002	-0.009249585266384875
11.100000000000001	-0.009249544709553699
11.200000000000001	-0.009249507482140441
11.3	-0.00924947314102082
11.400000000000002	-0.009249441634156112
11.500000000000002	-0.009249412592865904
11.600000000000001	-0.009249385896902147
11.700000000000001	-0.009249361366008398
11.8	-0.009249338757738855
11.900000000000002	-0.009249318022671326
12.000000000000002	-0.0092492989018649
12.100000000000001	-0.00924928135678629
12.200000000000001	-0.009249265249516952
12.3	-0.009249250424352559
12.400000000000002	-0.009249236860943677
12.500000000000002	-0.009249224381103245
12.600000000000001	-0.009249212943063365
12.700000000000001	-0.009249202474720813
12.8	-0.009249192851459873
12.900000000000002	-0.009249184051520028
13.000000000000002	-0.009249175956896076
13.100000000000001	-0.009249168546452313
13.200000000000001	-0.009249161740075215
13.3	-0.009249155490991956
13.400000000000002	-0.009249149767007603
13.500000000000002	-0.009249144500166655
13.600000000000001	-0.009249139686649447
13.700000000000001	-0.009249135269121965
13.8	-0.009249131219134388
13.900000000000002	-0.00924912752417655
14.000000000000002	-0.009249124131539855
14.100000000000001	-0.009249121035341333
14.200000000000001	-0.009249118206479176
14.3	-0.009249115615053814
14.400000000000002	-0.009249113249119121
14.500000000000002	-0.009249111077026046
14.600000000000001	-0.009249109093256047
14.700000000000001	-0.009249107270699032
14.8	-0.00924910560353471
14.900000000000002	-0.009249104073155403
15.000000000000002	-0.009249102670302503
15.100000000000001	-0.009249101391453064
15.200000000000001	-0.009249100217802406
15.300000000000002	-0.00924909914657554
15.400000000000002	-0.009249098170143178
15.500000000000002	-0.009249097276023046
15.600000000000001	-0.009249096463681728
15.700000000000001	-0.009249095721892933
15.800000000000002	-0.009249095045280686
15.900000000000002	-0.009249094426846356
16.	-0.009249093860856646
16.1	-0.009249093343338366
16.200000000000003	-0.009249092868476014
16.3	-0.009249092434125028
16.400000000000002	-0.009249092035091966
16.5	-0.009249091671129054
16.6	-0.009249091330266686
16.700000000000003	-0.009249091002784817
16.8	-0.009249090690715608
16.900000000000002	-0.009249090396091227
17.	-0.009249090120943838
17.1	-0.00924908986730561
17.200000000000003	-0.009249089637208704
17.3	-0.009249089432685287
17.400000000000002	-0.009249089255767525
17.5	-0.009249089108487586
17.6	-0.009249088992877632
17.700000000000003	-0.009249088908436735
17.8	-0.009249088823048954
17.900000000000002	-0.009249088729103235
18.	-0.009249088630054015
18.1	-0.009249088529355725
18.200000000000003	-0.009249088430462805
18.3	-0.00924908833682969
18.400000000000002	-0.009249088251910814
18.500000000000004	-0.009249088179160612
18.6	-0.009249088122033523
18.700000000000003	-0.009249088083983979
18.8	-0.009249088068466416
18.900000000000002	-0.009249088070219326
19.000000000000004	-0.009249088063380335
19.1	-0.009249088047940078
19.200000000000003	-0.009249088026131074
19.3	-0.009249088000185837
19.400000000000002	-0.009249087972336876
19.500000000000004	-0.00924908794481671
19.6	-0.009249087919857851
19.700000000000003	-0.009249087899692815
19.8	-0.009249087886554113
19.900000000000002	-0.009249087882674263
20.000000000000004	-0.009249087890285775