# k, dcdc22, dcdc22_EdS, dcTc22, dcTc22_EdS, dcdx22, dcdx22_EdS, dcTx22, dcTx22_EdS, PL_cc, TL_x 
0.03 59.611 59.623 46.756 46.727 55.37 55.378 45.925 45.92 11518 0.9288
0.031159 65.437 65.448 51.54 51.538 60.594 60.545 50.563 50.582 11122 0.92507
0.032364 71.594 71.808 56.632 56.724 66.091 66.148 55.485 55.594 10715 0.92119
0.033615 78.214 78.421 62.114 62.201 71.956 71.922 60.77 60.871 10299 0.91712
0.034914 85.335 85.291 68.046 67.957 78.228 77.861 66.474 66.399 9878.2 0.91289
0.036263 92.598 92.744 74.187 74.192 84.565 84.255 72.35 72.369 9456 0.90847
0.037665 100.33 100.44 80.683 80.671 91.255 90.788 78.547 78.546 9036.3 0.90386
0.03912 108.33 108.66 87.468 87.579 98.126 97.695 84.992 85.108 8623.9 0.89906
0.040632 116.73 116.82 94.58 94.531 105.25 104.45 91.722 91.674 8222 0.89406
0.042203 125.39 125.66 102.01 102.03 112.52 111.7 98.712 98.731 7831.5 0.88886
0.043834 134.49 134.52 109.73 109.63 120.06 118.84 105.95 105.84 7455 0.88345
0.045528 143.44 143.88 117.51 117.7 127.38 126.3 113.17 113.34 7094.4 0.87783
0.047287 152.87 153.19 125.7 125.73 135 133.58 120.74 120.75 6751.6 0.872
0.049115 162.66 162.87 134.1 134.07 142.78 141.04 128.45 128.41 6430.7 0.86594
0.051013 172.22 172.7 142.61 142.57 150.25 148.46 136.18 136.14 6129.5 0.85966
0.052985 182.37 182.89 151.28 151.48 158.03 156.03 144.01 144.19 5846.5 0.85315
0.055033 192.26 192.99 160.06 160.2 165.45 163.35 151.84 151.98 5580.5 0.8464
0.05716 202.51 203.22 168.97 169.28 173.03 170.59 159.71 160.01 5329.1 0.83942
0.059369 212.89 213.56 178.08 178.21 180.49 177.73 167.69 167.82 5089.9 0.8322
0.061663 223.33 223.79 187.24 187.22 187.83 184.57 175.59 175.59 4861.6 0.82474
0.064047 234 234.59 196.58 196.63 195.16 191.67 183.55 183.64 4637.6 0.81703
0.066522 244.47 245.54 205.97 206.23 202.14 198.66 191.43 191.74 4414 0.80908
0.069093 255.41 256.51 215.54 215.85 209.26 205.43 199.35 199.72 4187.3 0.80088
0.071763 265.89 266.97 224.77 225.03 215.75 211.56 206.81 207.17 3954.3 0.79243
0.074537 276.51 277.11 234.15 234.16 222.13 217.18 214.25 214.42 3712.9 0.78373
0.077418 286.77 287.72 243.33 243.44 227.98 222.92 221.37 221.66 3462.7 0.77478
0.08041 296.49 298.1 252.1 252.74 233.16 228.22 227.92 228.76 3205.5 0.76558
0.083517 306.02 307.19 260.8 261.01 237.91 232.28 234.23 234.75 2945.3 0.75613
0.086745 314.29 315.99 268.4 268.89 241.43 235.87 239.39 240.24 2688.3 0.74644
0.090098 322.26 323.51 275.85 276.1 244.42 238.26 244.23 244.96 2441.7 0.73651
0.09358 329.06 330.63 282.31 282.86 246.3 240.15 247.99 249.11 2215.4 0.72633
0.097197 334.46 336.59 287.84 288.51 246.91 240.97 250.72 252.11 2016.6 0.71591
0.10095 339.83 341.33 292.92 293.32 247.23 240.73 252.96 254.23 1847.4 0.70527
0.10486 343.14 345.23 296.64 297.31 245.88 239.73 253.77 255.48 1708.1 0.69439
0.10891 346.54 348.77 300.08 301 244.36 238.31 254.25 256.31 1596.5 0.6833
0.11312 349.22 351.29 303.04 303.84 242.15 236.06 254.13 256.28 1507.4 0.67198
0.11749 351.67 353.6 305.74 306.41 239.66 233.54 253.65 255.88 1434.7 0.66046
0.12203 354.08 356.12 308.33 309.05 237 231.03 252.91 255.39 1367.8 0.64874
0.12675 356.6 358.73 310.91 311.91 234.28 228.45 252.03 254.94 1297.8 0.63683
0.13164 358.7 361.23 313.27 314.32 231.14 225.67 250.77 253.96 1218.4 0.62474
0.13673 361.22 363.44 315.7 316.67 228.13 222.59 249.49 252.79 1126.9 0.61247
0.14202 363.42 364.98 318.08 318.32 224.82 219 247.91 250.91 1025.5 0.60004
0.14751 364.1 365.84 319.02 319.63 220.42 214.92 245.14 248.64 921.43 0.58747
0.15321 364.14 366.46 319.53 320.7 215.54 210.63 241.88 246.04 823.79 0.57475
0.15913 362.75 365.17 318.98 320.03 209.79 205.2 237.62 242 739.75 0.56191
0.16528 360.98 362.86 317.86 318.57 203.74 199.19 232.92 237.29 673.34 0.54896
0.17167 358.09 360.15 315.91 316.71 197.07 193.01 227.54 232.21 624.25 0.53592
0.1783 355.14 357.55 313.72 314.97 190.42 186.92 221.95 227.17 588.28 0.52279
0.18519 352.35 354.17 311.78 312.46 183.93 180.48 216.45 221.53 557.69 0.50959
0.19235 350.15 352.27 310.21 311.15 177.8 174.84 211.22 216.7 524.13 0.49634
0.19978 348.18 350.12 308.73 309.65 171.82 169.13 206 211.68 483.65 0.48305
0.2075 345.48 347.18 306.72 307.4 165.56 163.09 200.4 206.12 437.71 0.46975
0.21552 342.63 344.44 304.51 305.24 159.27 157.22 194.63 200.6 391.79 0.45644
0.22385 338.34 340.76 301.14 302.47 152.42 151 188.13 194.67 352.48 0.44314
0.23251 333.97 335.98 297.67 298.62 145.66 144.43 181.62 188.06 322.95 0.42987
0.24149 329.65 331.4 294.22 295.05 139.06 138.08 175.17 181.67 301.07 0.41665
0.25082 325.67 327.15 291.05 291.65 132.76 132 168.92 175.43 282.28 0.40349
0.26052 321.62 323.53 287.74 288.71 126.59 126.31 162.67 169.51 262.12 0.39041
0.27059 318.01 319.65 284.74 285.57 120.73 120.64 156.66 163.51 239.12 0.37743
0.28105 313.69 315.58 281.28 282.32 114.78 115.05 150.45 157.5 215.85 0.36456
0.29191 309.49 311.24 277.86 278.78 109.01 109.5 144.37 151.4 196.18 0.35181
0.30319 304.96 306.25 274.11 274.68 103.31 103.88 138.21 145.08 180.93 0.33921
0.31491 300.79 301.99 270.65 271.18 97.911 98.683 132.31 139.18 168.16 0.32677
0.32708 296.48 297.8 267.06 267.74 92.653 93.658 126.46 133.4 155.33 0.3145
0.33972 292.92 294.03 264.1 264.63 87.795 88.921 121.03 127.88 141.73 0.30242
0.35285 288.66 289.36 260.58 260.74 82.906 84.072 115.43 122.08 129.12 0.29054
0.36649 284.46 285.65 256.97 257.65 78.2 79.66 109.97 116.77 118.63 0.27887
0.38065 280.39 281.28 253.65 254.05 73.723 75.224 104.73 111.34 109.63 0.26743
0.39536 276.9 277.44 250.64 250.83 69.561 71.086 99.776 106.2 100.91 0.25622
0.41064 273 273.68 247.47 247.69 65.483 67.124 94.842 101.21 92.31 0.24526
0.42651 269.06 269.83 244.1 244.45 61.551 63.291 90.013 96.309 84.558 0.23456
0.443 265.38 266.14 240.98 241.38 57.855 59.646 85.414 91.597 77.891 0.22411
0.46012 261.52 262.65 237.84 238.42 54.289 56.193 80.917 87.058 71.692 0.21394
0.4779 258.27 259.05 235.01 235.41 50.999 52.86 76.722 82.627 65.764 0.20405
0.49637 254.94 255.43 232.1 232.36 47.841 49.665 72.637 78.317 60.341 0.19444
0.51556 251.4 251.97 229.16 229.41 44.806 46.644 68.642 74.173 55.465 0.18512
0.53548 248.12 248.81 226.34 226.76 41.961 43.813 64.855 70.264 50.938 0.17609
0.55618 244.77 245.02 223.44 223.52 39.243 41.004 61.188 66.305 46.767 0.16735
0.57767 241.25 242.02 220.51 220.96 36.643 38.459 57.629 62.69 42.96 0.15891
0.6 238.31 238.46 217.94 217.91 34.261 35.951 54.332 59.07 39.446 0.15076
